-36,90,37
-37,91,36
-38,93,35
-38,94,35
-38,96,35
-38,98,34
-39,99,34
-40,101,33
-41,101,32
-42,102,31
-43,103,30
-34,88,37
-37,90,36
-39,95,34
-39,98,34
-42,107,30
-32,85,38
-33,86,38
-34,87,37
-36,87,37
-38,89,36
-39,91,35
-39,93,34
-39,95,34
-40,96,33
-40,98,33
-41,99,32
-42,100,31
-42,101,31
-43,102,30
-44,104,29
-43,107,29
-43,108,29
-44,109,28
-43,111,28
-30,81,38
-31,83,38
-32,84,38
-34,85,37
-35,86,37
-36,86,36
-39,89,35
-40,91,34
-40,92,34
-40,94,33
-41,95,33
-41,96,32
-42,98,32
-42,99,31
-43,100,30
-44,101,29
-44,103,28
-44,104,28
-45,106,28
-44,107,28
-44,109,27
-43,111,27
-43,113,27
-45,109,27
-44,113,26
-28,79,39
-30,79,38
-32,81,38
-33,82,37
-34,83,37
-35,84,37
-37,85,36
-39,87,35
-40,89,34
-41,91,33
-41,93,33
-42,94,32
-42,95,32
-43,97,31
-43,98,30
-44,99,29
-44,100,29
-45,102,28
-45,103,27
-45,105,27
-45,106,27
-45,108,26
-45,109,26
-45,111,25
-44,112,25
-44,114,24
-44,116,23
-25,79,40
-45,112,24
-45,115,22
-25,78,41
-27,77,40
-29,77,39
-30,77,39
-32,79,38
-33,80,37
-34,81,37
-35,82,37
-36,83,36
-37,84,36
-38,85,35
-39,86,35
-40,87,34
-41,88,34
-41,89,33
-42,90,33
-42,92,32
-43,93,32
-43,94,31
-44,96,30
-44,97,30
-45,98,29
-45,99,28
-45,101,27
-46,102,27
-46,103,26
-46,105,26
-46,106,25
-46,108,25
-46,109,24
-46,111,24
-46,112,23
-45,113,22
-45,114,21
-25,76,41
-26,77,40
-47,109,23
-46,112,22
-46,114,20
-24,75,41
-25,75,41
-26,76,40
-28,76,39
-29,76,39
-32,77,38
-34,79,37
-35,80,37
-36,81,37
-37,82,36
-38,83,36
-40,85,35
-41,87,34
-43,89,32
-43,91,32
-44,92,31
-44,93,30
-45,94,30
-45,96,29
-45,97,28
-46,98,27
-46,100,27
-47,101,26
-47,102,25
-47,104,25
-47,105,24
-47,107,24
-47,108,23
-47,109,22
-47,111,22
-47,112,21
-47,113,20
-46,114,19
-46,115,18
-45,118,16
-24,72,41
-25,73,41
-26,74,40
-27,74,40
-29,74,39
-30,75,39
-31,76,38
-32,76,38
-33,77,37
-34,78,37
-35,79,37
-36,80,36
-38,81,36
-39,82,36
-40,83,35
-41,84,35
-42,85,34
-42,86,33
-43,87,33
-43,88,32
-44,90,31
-44,91,31
-45,92,30
-45,93,29
-46,95,28
-46,96,28
-47,97,27
-47,98,26
-47,100,25
-48,101,25
-48,103,24
-48,104,23
-48,105,23
-48,107,22
-48,108,21
-48,109,21
-48,111,20
-48,112,19
-48,113,18
-47,114,17
-47,115,17
-46,117,16
-24,71,41
-26,72,40
-49,107,21
-49,109,20
-23,68,42
-24,69,42
-25,70,41
-26,71,41
-27,72,40
-28,73,40
-31,74,38
-33,75,37
-35,77,37
-37,79,36
-38,80,36
-39,81,35
-40,82,35
-41,83,34
-42,84,34
-43,85,33
-44,86,32
-44,87,32
-45,89,31
-45,90,30
-46,91,29
-46,92,28
-46,93,28
-47,95,27
-47,96,26
-48,97,25
-48,99,25
-48,100,24
-49,101,23
-49,103,22
-49,104,22
-49,105,21
-49,107,20
-49,108,20
-49,109,19
-49,111,18
-49,112,17
-49,113,16
-48,114,16
-48,115,15
-48,116,14
-24,68,42
-24,66,42
-25,67,42
-25,68,41
-26,69,41
-27,70,40
-28,71,40
-29,71,39
-30,72,39
-31,73,38
-32,74,37
-33,74,37
-34,75,36
-35,76,36
-36,77,36
-38,78,35
-39,78,35
-40,79,35
-41,80,35
-42,81,34
-43,83,34
-44,84,33
-45,85,32
-45,86,31
-46,87,30
-46,89,29
-47,90,29
-47,91,28
-47,92,27
-48,94,26
-48,95,25
-48,96,24
-49,98,24
-49,99,23
-49,100,22
-49,102,22
-50,103,21
-50,104,20
-50,106,19
-50,107,19
-50,108,18
-50,109,17
-50,110,16
-50,112,15
-49,113,14
-49,114,14
-49,115,13
-49,116,12
-50,107,18
-50,109,16
-50,112,14
-49,114,13
-49,116,11
-23,64,42
-25,65,42
-26,67,41
-27,68,41
-28,69,40
-29,69,40
-30,70,39
-31,71,38
-32,72,38
-34,73,36
-36,75,35
-38,76,35
-39,77,35
-40,78,34
-42,79,34
-43,80,33
-44,81,33
-45,83,32
-46,84,32
-46,85,31
-47,86,30
-47,88,29
-47,89,28
-48,90,27
-48,91,26
-48,93,25
-49,94,24
-49,95,24
-49,96,23
-50,98,22
-50,99,21
-50,100,21
-50,102,20
-51,103,19
-51,104,18
-51,106,17
-51,107,17
-51,108,16
-51,109,15
-51,110,14
-50,112,13
-50,113,12
-50,114,11
-50,115,10
-49,116,9
-49,117,8
-23,63,43
-24,62,42
-25,64,42
-26,65,41
-27,66,41
-28,66,41
-29,67,40
-30,68,40
-31,69,39
-32,70,38
-33,70,37
-33,71,37
-34,72,36
-35,73,35
-36,74,35
-37,75,34
-38,75,34
-40,76,34
-41,77,33
-42,78,33
-43,79,33
-44,80,32
-45,81,32
-46,83,31
-47,84,30
-48,85,29
-48,86,28
-48,88,27
-49,89,26
-49,90,25
-49,91,24
-49,93,24
-50,94,23
-50,95,22
-50,97,21
-50,98,20
-51,99,20
-51,100,19
-51,102,18
-51,103,17
-51,104,16
-52,106,16
-52,107,15
-51,108,14
-51,109,13
-51,110,12
-51,112,11
-51,113,10
-50,114,9
-50,115,8
-50,116,7
-49,117,5
-48,84,29
-52,104,15
-52,107,14
-52,109,12
-51,112,10
-51,114,8
-50,116,5
-24,61,42
-25,61,42
-26,63,42
-28,64,41
-30,66,40
-31,67,39
-32,68,39
-33,69,37
-35,71,35
-37,73,34
-38,74,33
-39,74,33
-40,75,33
-41,76,32
-42,77,32
-44,78,32
-45,79,31
-46,80,31
-47,81,30
-47,83,29
-48,84,28
-49,85,28
-49,86,27
-49,88,26
-50,89,25
-50,90,24
-50,91,23
-50,93,22
-51,94,21
-51,95,20
-51,97,19
-51,98,19
-52,99,18
-52,101,17
-52,102,16
-52,103,15
-52,104,14
-52,106,13
-52,107,13
-52,108,12
-52,109,11
-52,111,10
-52,112,9
-51,113,8
-51,114,7
-50,115,5
-50,116,4
-50,117,3
-22,60,43
-24,60,42
-26,61,42
-28,62,41
-29,63,41
-30,64,40
-31,65,40
-32,66,39
-32,67,39
-33,67,38
-34,68,37
-35,69,36
-36,70,35
-36,71,34
-37,72,33
-38,72,33
-39,73,32
-40,74,32
-41,75,31
-43,76,31
-44,77,31
-45,78,30
-46,79,30
-47,80,29
-48,81,28
-48,83,27
-49,84,27
-50,85,26
-50,86,25
-50,88,24
-51,89,23
-51,90,22
-51,92,21
-51,93,20
-51,94,19
-52,95,18
-52,97,18
-52,98,17
-52,99,16
-52,101,15
-53,102,14
-53,103,13
-53,104,12
-53,106,11
-53,107,10
-53,108,9
-52,109,8
-52,111,7
-52,112,6
-52,113,5
-51,114,4
-51,115,3
-50,116,1
-49,118,0
-47,79,29
-48,81,27
-50,84,26
-53,99,15
-53,102,13
-53,104,11
-53,107,9
-53,109,7
-52,112,5
-51,114,3
-50,116,0
-20,59,43
-22,59,43
-24,59,42
-26,59,42
-28,61,41
-30,62,41
-32,64,40
-32,64,39
-33,65,38
-34,66,37
-35,67,37
-36,68,36
-36,69,35
-37,69,34
-38,70,33
-38,71,32
-39,72,31
-40,73,31
-41,74,30
-43,75,30
-44,76,29
-45,77,29
-46,78,28
-47,79,28
-48,80,27
-49,81,26
-49,83,25
-50,84,25
-50,85,24
-51,87,23
-51,88,22
-51,89,21
-52,90,20
-52,92,19
-52,93,18
-52,94,17
-52,96,17
-53,97,16
-53,98,15
-53,99,14
-53,101,13
-53,102,12
-53,103,11
-53,104,10
-53,106,9
-53,107,8
-53,108,7
-53,109,6
-52,111,5
-52,112,4
-52,113,3
-51,114,1
-51,115,0
-50,117,0
-19,57,43
-21,57,43
-23,58,43
-24,58,42
-26,58,42
-27,59,42
-28,59,41
-29,60,41
-30,61,41
-31,62,40
-32,62,40
-33,63,39
-34,64,38
-35,65,37
-36,66,36
-36,67,35
-37,67,34
-38,68,33
-38,69,32
-39,70,31
-40,71,30
-40,72,30
-42,73,29
-43,74,29
-44,75,28
-45,76,28
-46,77,27
-47,78,27
-48,79,26
-49,80,25
-49,82,24
-50,83,23
-50,84,23
-51,85,22
-52,87,21
-52,88,20
-52,89,19
-52,90,18
-53,92,17
-53,93,16
-53,94,16
-53,96,15
-53,97,14
-53,98,13
-53,99,12
-54,101,11
-54,102,10
-54,103,9
-54,105,8
-54,106,7
-53,107,6
-53,108,5
-53,109,4
-53,111,3
-52,112,1
-52,113,0
-51,114,0
-50,116,-1
-50,116,-3
-20,57,43
-53,94,15
-54,97,13
-54,99,11
-54,102,9
-54,105,7
-54,107,5
-53,110,3
-52,112,0
-51,114,-1
-49,117,-4
-20,56,43
-21,56,43
-23,56,43
-25,56,42
-26,57,42
-27,57,42
-29,58,41
-30,59,41
-31,60,40
-32,60,40
-33,61,39
-34,62,39
-35,63,38
-36,64,37
-37,65,36
-37,65,35
-38,66,34
-39,67,33
-39,68,32
-40,69,31
-40,70,30
-41,71,29
-42,72,28
-43,73,28
-44,74,27
-45,75,27
-47,76,26
-47,77,26
-48,78,25
-49,79,24
-49,80,23
-50,82,22
-50,83,21
-51,84,21
-52,85,20
-52,87,19
-53,88,18
-53,89,17
-53,91,16
-53,92,15
-54,93,14
-54,94,14
-54,96,13
-54,97,12
-54,98,11
-54,99,10
-54,101,9
-54,102,8
-54,103,7
-54,105,6
-54,106,5
-54,107,4
-53,108,2
-53,110,1
-53,111,0
-52,112,0
-52,113,-1
-51,114,-3
-50,116,-4
-49,117,-5
-19,55,43
-48,117,-7
-18,54,43
-20,54,43
-22,54,43
-24,55,42
-25,55,42
-27,55,42
-28,56,41
-29,57,41
-30,57,41
-32,58,40
-33,59,40
-34,60,39
-35,61,39
-36,62,38
-37,62,37
-38,63,36
-38,64,35
-39,65,34
-39,66,33
-40,67,32
-41,68,31
-41,69,29
-42,70,29
-43,71,28
-44,72,27
-44,73,26
-46,73,26
-47,74,25
-48,76,25
-48,77,24
-49,78,23
-49,79,22
-50,81,21
-50,82,20
-51,83,19
-51,84,19
-52,86,18
-53,87,17
-53,88,16
-54,89,15
-54,91,14
-54,92,13
-54,93,13
-54,94,12
-54,96,11
-54,97,10
-54,98,9
-54,100,8
-54,101,7
-54,102,6
-54,103,5
-54,105,4
-54,106,2
-54,107,1
-53,108,0
-53,110,0
-53,111,-1
-52,112,-3
-51,113,-4
-50,115,-5
-49,116,-7
-48,117,-8
-17,53,43
-21,53,43
-49,77,23
-49,79,21
-50,82,19
-53,87,16
-54,89,14
-54,92,12
-55,94,11
-55,97,9
-55,100,7
-54,102,5
-54,105,2
-54,107,0
-53,110,-1
-52,112,-4
-50,115,-6
-48,117,-9
-17,51,43
-19,52,43
-21,52,42
-23,53,42
-24,53,42
-26,54,42
-27,54,41
-28,55,41
-30,55,41
-31,56,40
-32,57,40
-33,58,40
-35,58,39
-36,59,38
-37,60,38
-38,61,37
-38,62,36
-39,63,35
-40,64,34
-40,65,33
-41,66,31
-41,66,30
-42,67,29
-43,68,28
-43,69,27
-44,70,27
-45,71,26
-46,72,25
-47,73,24
-48,74,23
-48,76,23
-49,77,22
-49,78,21
-49,80,20
-50,81,19
-50,82,18
-51,83,17
-52,84,17
-53,86,16
-53,87,15
-54,88,14
-54,89,13
-55,91,12
-55,92,11
-55,93,10
-55,94,10
-55,96,9
-55,97,8
-55,98,7
-55,100,6
-55,101,4
-55,102,3
-54,103,2
-54,105,1
-54,106,0
-54,107,0
-53,108,-1
-53,110,-2
-52,111,-4
-52,112,-5
-51,113,-6
-50,115,-8
-49,116,-9
-17,50,43
-49,115,-9
-48,116,-10
-47,117,-11
-19,50,42
-21,50,42
-22,51,42
-23,51,42
-25,52,41
-26,52,41
-28,53,41
-29,53,41
-30,54,40
-32,55,40
-33,55,40
-34,56,39
-35,57,39
-36,58,38
-37,59,37
-38,60,36
-39,61,36
-40,62,35
-41,63,33
-41,63,32
-42,64,31
-42,65,30
-43,66,29
-43,67,28
-44,68,27
-45,69,26
-45,70,25
-46,71,24
-47,72,23
-48,73,22
-48,74,21
-49,76,20
-49,77,19
-49,78,19
-49,80,18
-50,81,17
-50,82,16
-51,84,15
-52,85,15
-53,86,14
-54,87,13
-54,88,12
-55,89,11
-55,91,10
-55,92,9
-55,93,8
-55,95,7
-55,96,6
-55,97,5
-55,98,4
-55,100,3
-55,101,2
-55,102,1
-54,103,0
-54,105,0
-54,106,-1
-54,107,-2
-53,108,-4
-53,110,-5
-52,111,-6
-51,112,-7
-50,113,-9
-49,115,-10
-47,116,-12
-23,50,41
-38,59,37
-40,60,35
-42,62,33
-48,74,20
-49,77,18
-49,80,17
-51,83,15
-53,85,14
-55,89,10
-55,92,8
-55,95,6
-55,97,4
-55,99,2
-55,102,0
-54,104,-1
-53,107,-4
-52,110,-6
-51,112,-9
-49,115,-11
-47,116,-13
-19,47,42
-20,48,42
-21,48,41
-23,49,41
-24,49,41
-25,50,41
-27,51,41
-28,51,40
-29,52,40
-31,52,40
-32,53,40
-33,54,39
-35,55,39
-36,56,38
-37,56,38
-38,57,37
-39,58,36
-40,59,35
-41,60,34
-42,61,33
-42,62,32
-43,63,31
-43,64,29
-43,65,28
-44,66,27
-45,67,26
-45,68,25
-46,69,24
-46,70,23
-47,71,22
-48,72,21
-48,73,20
-49,74,19
-49,76,18
-49,77,17
-49,79,16
-49,80,16
-50,82,15
-51,83,14
-52,84,13
-53,85,13
-54,86,12
-54,87,11
-55,88,10
-55,89,9
-55,91,8
-56,92,7
-56,93,6
-55,95,5
-55,96,4
-55,97,3
-55,98,2
-55,99,1
-55,101,0
-54,102,0
-54,103,-1
-54,104,-2
-54,106,-3
-53,107,-5
-53,108,-6
-52,110,-7
-51,111,-8
-51,112,-10
-49,113,-11
-48,115,-12
-48,115,-14
-18,45,41
-20,46,41
-21,46,41
-22,47,41
-23,47,41
-25,48,41
-26,48,40
-27,49,40
-29,50,40
-30,50,40
-31,51,39
-33,52,39
-34,52,39
-35,53,38
-36,54,38
-38,55,37
-39,56,36
-40,57,36
-41,58,35
-42,59,34
-43,60,33
-43,61,32
-44,62,30
-44,63,29
-44,64,28
-45,64,26
-45,65,25
-46,66,24
-46,67,23
-47,68,22
-47,70,21
-47,71,20
-48,72,19
-48,73,18
-48,75,17
-48,76,16
-48,78,15
-48,79,14
-49,81,13
-50,82,13
-51,83,12
-53,84,11
-54,85,11
-54,86,10
-55,87,9
-55,88,8
-56,90,7
-56,91,6
-56,92,5
-56,93,4
-56,94,3
-55,96,2
-55,97,1
-55,98,0
-55,99,0
-55,101,-1
-54,102,-2
-54,103,-3
-54,104,-5
-53,106,-6
-53,107,-7
-52,108,-8
-52,109,-9
-51,111,-11
-50,112,-12
-49,113,-13
-47,115,-15
-32,51,39
-35,52,38
-37,54,37
-40,56,36
-42,58,34
-43,60,32
-44,62,29
-47,69,20
-48,72,18
-48,75,16
-48,78,14
-49,81,12
-52,83,11
-56,94,2
-55,97,0
-55,99,-1
-54,102,-3
-54,104,-6
-53,107,-8
-51,109,-10
-49,112,-13
-47,115,-16
-19,43,41
-20,44,41
-21,44,41
-22,45,40
-24,46,40
-25,46,40
-26,47,40
-28,47,40
-29,48,39
-30,49,39
-32,49,39
-33,50,39
-34,51,38
-36,52,38
-37,53,37
-38,53,36
-39,54,36
-41,55,35
-42,56,34
-43,57,33
-43,58,32
-44,59,31
-45,60,30
-45,61,29
-45,62,27
-45,63,26
-46,64,25
-46,65,24
-46,66,22
-47,67,21
-47,68,20
-47,69,19
-47,71,18
-48,72,17
-47,73,16
-47,75,15
-47,77,14
-48,78,13
-48,80,12
-50,81,11
-51,82,10
-52,83,10
-53,84,9
-54,85,9
-55,86,8
-55,87,7
-56,88,6
-56,90,5
-56,91,4
-56,92,3
-56,93,2
-56,94,1
-55,96,0
-55,97,0
-55,98,-1
-55,99,-2
-54,101,-3
-54,102,-4
-54,103,-6
-54,104,-7
-53,106,-8
-53,107,-9
-52,108,-10
-51,109,-12
-50,111,-13
-49,112,-14
-48,113,-15
-47,114,-17
-18,42,41
-47,72,16
-47,75,14
-48,79,12
-19,42,40
-20,42,40
-22,43,40
-23,43,40
-24,44,40
-25,45,40
-27,45,39
-28,46,39
-30,47,39
-31,47,39
-32,48,38
-34,49,38
-35,49,38
-36,50,37
-38,51,36
-39,52,36
-40,53,35
-41,54,34
-42,55,34
-43,56,33
-44,57,32
-45,58,30
-45,59,29
-46,60,28
-46,61,27
-46,62,25
-46,63,24
-46,64,23
-46,65,22
-47,66,20
-47,67,19
-47,68,18
-47,69,17
-47,71,16
-47,72,15
-46,74,13
-46,76,12
-47,77,11
-48,79,10
-49,80,10
-51,81,9
-52,82,9
-53,83,8
-54,84,7
-55,85,7
-56,86,6
-56,87,5
-56,88,4
-56,90,3
-56,91,2
-56,92,1
-56,93,0
-56,94,0
-55,96,-1
-55,97,-2
-55,98,-3
-55,99,-4
-54,100,-5
-54,102,-7
-54,103,-8
-53,104,-9
-53,105,-10
-52,107,-11
-51,108,-12
-50,109,-14
-49,110,-15
-48,111,-16
-47,113,-17
-28,45,39
-30,46,38
-33,47,38
-36,49,37
-38,51,36
-41,53,34
-43,55,33
-45,57,31
-46,59,28
-47,61,26
-47,63,23
-47,65,21
-47,67,18
-47,69,16
-46,72,13
-46,76,11
-49,79,9
-51,81,8
-56,92,0
-56,94,-1
-55,97,-3
-54,99,-5
-54,102,-8
-53,104,-10
-52,107,-12
-50,109,-14
-48,111,-17
-46,113,-19
-18,39,40
-19,40,40
-21,41,40
-22,41,40
-23,42,39
-25,42,39
-26,43,39
-27,44,39
-29,44,39
-30,45,38
-31,46,38
-33,46,38
-34,47,37
-35,48,37
-37,49,36
-38,49,36
-39,50,35
-41,51,35
-42,52,34
-43,53,33
-44,54,32
-45,55,31
-45,56,30
-46,57,29
-47,58,27
-47,60,26
-47,61,25
-47,61,23
-47,62,22
-47,63,21
-47,64,20
-47,66,18
-47,67,17
-47,68,16
-47,69,15
-46,71,13
-45,72,12
-46,74,11
-46,76,9
-48,77,9
-49,79,8
-51,80,8
-52,81,7
-53,81,7
-54,83,6
-55,84,6
-56,85,5
-56,86,4
-56,87,3
-56,88,2
-56,89,1
-56,91,0
-56,92,0
-56,93,-1
-56,94,-2
-55,95,-3
-55,97,-4
-55,98,-5
-54,99,-7
-54,100,-8
-54,102,-9
-53,103,-10
-53,104,-11
-52,105,-12
-51,106,-13
-51,108,-14
-50,109,-15
-49,110,-16
-48,111,-18
-46,69,13
-46,71,12
-46,72,10
-46,74,9
-47,76,8
-47,111,-19
-18,38,40
-20,38,40
-21,39,39
-22,39,39
-24,40,39
-25,41,39
-26,41,38
-28,42,38
-29,43,38
-30,43,38
-32,44,37
-33,45,37
-35,45,37
-36,46,36
-37,47,36
-39,48,35
-40,49,35
-41,50,34
-42,51,33
-43,52,32
-44,53,31
-45,54,30
-46,55,29
-47,56,28
-47,57,27
-48,58,25
-48,59,24
-48,60,23
-48,61,21
-48,62,20
-48,63,19
-47,64,17
-47,65,16
-47,66,15
-47,68,13
-46,69,12
-46,70,10
-46,72,9
-47,74,8
-48,76,7
-50,77,7
-51,78,6
-52,79,6
-53,80,6
-54,81,5
-55,83,5
-56,84,4
-56,85,3
-56,86,2
-56,87,1
-56,88,0
-56,89,0
-56,91,-1
-56,92,-2
-56,93,-3
-55,94,-4
-55,95,-5
-55,97,-6
-54,98,-8
-54,99,-9
-54,100,-10
-53,101,-11
-53,102,-12
-52,104,-13
-51,105,-14
-51,106,-15
-50,107,-16
-49,108,-17
-48,109,-18
-47,111,-19
-28,42,38
-31,43,37
-34,44,37
-37,46,36
-39,48,35
-42,49,33
-44,51,31
-46,54,29
-47,56,27
-48,58,24
-48,60,22
-48,62,19
-48,64,16
-47,66,14
-47,69,11
-47,72,8
-49,76,6
-52,78,6
-55,94,-5
-55,96,-7
-54,99,-10
-53,101,-12
-52,104,-14
-50,106,-16
-17,35,39
-19,36,39
-20,37,39
-21,37,39
-23,38,39
-24,38,39
-25,39,38
-27,40,38
-28,40,38
-29,41,37
-31,42,37
-32,42,37
-34,43,36
-35,44,36
-36,45,36
-38,45,35
-39,46,34
-40,47,34
-41,48,33
-43,49,32
-44,50,31
-45,51,30
-46,52,29
-47,53,28
-47,54,27
-48,55,26
-48,57,25
-49,58,23
-49,59,22
-49,60,21
-49,61,19
-49,62,18
-48,63,17
-48,64,15
-48,65,14
-47,66,12
-47,67,11
-47,69,9
-48,71,8
-48,72,7
-49,74,6
-50,76,6
-52,77,5
-53,78,5
-54,79,5
-54,80,4
-55,81,3
-56,82,3
-56,84,2
-56,85,1
-56,86,0
-56,87,0
-56,88,-1
-56,89,-2
-56,90,-3
-56,92,-4
-55,93,-5
-55,94,-6
-55,95,-7
-54,96,-9
-54,97,-10
-53,99,-11
-53,100,-12
-52,101,-13
-52,102,-14
-51,103,-15
-51,105,-16
-50,106,-17
-49,107,-18
-48,108,-19
-47,109,-19
-48,66,11
-48,69,8
-49,71,7
-49,73,6
-17,34,39
-19,34,39
-20,35,39
-22,36,39
-23,36,38
-24,37,38
-26,37,38
-27,38,37
-28,39,37
-30,39,37
-31,40,36
-32,41,36
-34,42,36
-35,42,35
-37,43,35
-38,44,34
-39,45,34
-41,46,33
-42,47,32
-43,48,32
-44,49,31
-45,50,30
-46,51,29
-47,52,28
-48,53,26
-48,54,25
-49,55,24
-49,56,23
-50,57,21
-50,58,20
-50,60,19
-50,61,17
-49,62,16
-49,63,14
-49,64,13
-49,65,11
-49,66,10
-49,68,9
-49,69,7
-50,71,6
-51,73,6
-51,74,5
-52,76,5
-53,77,4
-54,78,4
-55,79,3
-55,80,3
-56,81,2
-56,82,1
-56,84,0
-56,85,0
-56,86,-1
-56,87,-2
-56,88,-3
-56,89,-4
-56,90,-5
-55,91,-6
-55,93,-7
-55,94,-8
-54,95,-10
-54,96,-11
-53,97,-12
-53,98,-13
-52,100,-14
-52,101,-15
-51,102,-16
-50,103,-17
-50,104,-18
-49,105,-18
-48,106,-19
-48,107,-20
-26,37,37
-29,38,37
-32,40,36
-35,41,35
-38,43,34
-40,44,33
-43,46,32
-45,48,30
-47,50,28
-48,53,25
-49,55,23
-50,57,20
-50,59,18
-50,62,15
-50,64,12
-50,66,9
-50,70,7
-52,73,5
-53,76,4
-55,91,-7
-55,94,-9
-54,96,-12
-52,98,-14
-51,101,-16
-50,103,-18
-18,32,38
-19,33,38
-20,33,38
-22,34,38
-23,35,38
-25,35,38
-26,36,37
-27,36,37
-29,37,37
-30,38,36
-31,38,36
-33,39,35
-34,40,35
-36,41,35
-37,41,34
-38,42,34
-40,43,33
-41,44,32
-42,45,32
-44,46,31
-45,47,30
-46,48,29
-47,49,28
-48,50,27
-48,51,26
-49,52,24
-50,54,23
-50,55,22
-50,56,21
-51,57,19
-51,58,18
-51,59,16
-51,60,15
-50,61,14
-50,63,12
-50,64,11
-50,65,10
-51,67,8
-51,68,7
-52,70,6
-52,72,5
-53,73,5
-54,75,4
-54,76,4
-55,77,3
-56,79,2
-56,81,0
-56,82,0
-56,83,-1
-56,85,-2
-56,86,-3
-56,87,-4
-56,88,-5
-55,89,-6
-55,90,-7
-55,91,-8
-55,92,-9
-54,94,-10
-54,95,-12
-53,96,-13
-53,97,-14
-52,98,-15
-52,99,-16
-51,100,-17
-50,102,-18
-50,103,-18
-49,104,-19
-48,105,-20
-47,106,-21
-46,107,-22
-51,64,10
-52,67,7
-53,70,6
-18,31,38
-19,31,38
-21,32,38
-22,32,38
-23,33,37
-25,34,37
-26,34,37
-28,35,36
-29,35,36
-30,36,36
-32,37,35
-33,38,35
-35,38,34
-36,39,34
-37,40,33
-39,41,33
-40,41,32
-41,42,32
-43,43,31
-44,44,30
-45,45,29
-46,46,28
-47,47,27
-48,49,26
-49,50,25
-50,51,24
-50,52,22
-51,53,21
-51,54,20
-51,56,18
-51,57,17
-52,58,16
-52,59,14
-52,60,13
-52,61,12
-52,63,10
-52,64,9
-52,66,8
-53,67,7
-53,69,6
-54,70,5
-54,72,4
-55,74,4
-55,75,3
-56,76,2
-56,77,2
-56,78,1
-56,79,0
-56,80,0
-56,81,-1
-56,82,-2
-55,83,-3
-55,84,-4
-55,85,-5
-55,86,-6
-55,88,-7
-55,89,-8
-55,90,-9
-54,91,-10
-54,92,-11
-54,93,-12
-53,94,-14
-53,96,-15
-52,97,-15
-51,98,-16
-51,99,-17
-50,100,-18
-49,101,-19
-48,102,-20
-48,103,-21
-47,105,-22
-46,106,-23
-27,34,36
-30,35,36
-33,36,35
-35,38,34
-38,39,33
-41,41,31
-44,43,30
-46,45,28
-48,47,26
-50,49,24
-51,52,21
-52,54,19
-52,57,16
-52,59,13
-52,61,11
-53,64,8
-54,67,6
-55,71,5
-56,74,3
-55,89,-9
-54,91,-11
-53,93,-13
-52,95,-15
-51,98,-17
-49,100,-19
-48,102,-21
-46,105,-23
-45,106,-24
-16,29,37
-18,29,37
-19,30,37
-21,30,37
-22,31,37
-24,31,37
-25,32,37
-26,33,36
-28,33,36
-29,34,35
-31,35,35
-32,35,35
-33,36,34
-35,37,34
-36,37,33
-38,38,33
-39,39,32
-40,40,31
-42,41,31
-43,42,30
-44,43,29
-46,44,28
-47,45,27
-48,46,26
-49,47,25
-49,48,24
-50,49,23
-51,50,21
-51,52,20
-52,53,19
-52,54,18
-52,55,16
-52,56,15
-53,58,13
-53,59,12
-53,60,11
-53,61,10
-54,63,9
-54,64,8
-54,66,7
-55,68,6
-56,69,5
-56,71,4
-56,73,3
-57,74,3
-57,75,2
-56,77,0
-56,79,-1
-55,81,-3
-55,82,-4
-55,83,-5
-55,84,-6
-55,85,-7
-55,86,-8
-55,87,-9
-54,88,-10
-54,90,-11
-54,91,-12
-53,92,-13
-53,93,-14
-52,94,-15
-52,95,-16
-51,96,-17
-50,97,-18
-50,99,-19
-49,100,-20
-48,101,-21
-47,102,-22
-46,103,-22
-45,104,-23
-47,44,26
-49,47,24
-51,49,22
-52,51,19
-52,54,16
-53,59,11
-54,62,9
-55,65,7
-56,68,5
-45,104,-24
-17,27,37
-18,28,37
-19,28,37
-21,29,37
-22,29,37
-24,30,36
-25,30,36
-27,31,36
-28,31,35
-29,32,35
-31,33,34
-32,34,34
-34,34,33
-35,35,33
-37,36,32
-38,37,32
-39,37,31
-41,38,31
-42,39,30
-43,40,29
-45,41,28
-46,42,27
-47,43,26
-48,44,25
-49,45,24
-50,46,23
-51,48,22
-51,49,21
-52,50,19
-52,51,18
-53,52,17
-53,54,15
-53,55,14
-53,56,13
-54,57,11
-54,59,10
-54,60,9
-55,62,8
-56,63,7
-56,65,6
-57,67,5
-57,68,5
-58,70,4
-58,72,3
-58,73,2
-58,74,1
-57,75,0
-57,76,0
-56,77,-1
-56,78,-2
-55,79,-2
-55,80,-3
-54,81,-4
-54,82,-5
-54,83,-6
-54,84,-7
-54,85,-9
-54,86,-10
-54,87,-11
-54,88,-12
-54,89,-13
-53,90,-14
-53,92,-15
-52,93,-16
-52,94,-17
-51,95,-18
-50,96,-19
-49,97,-20
-49,98,-21
-48,99,-22
-47,100,-22
-46,101,-23
-45,103,-24
-24,29,36
-27,30,35
-30,32,34
-33,33,33
-36,35,32
-39,36,31
-42,38,30
-44,40,28
-47,42,26
-49,44,24
-50,46,22
-52,49,19
-53,51,17
-53,54,14
-54,56,12
-55,59,9
-56,62,7
-57,65,6
-58,69,4
-59,72,2
-54,86,-11
-54,88,-13
-53,90,-15
-52,93,-17
-50,95,-19
-16,26,36
-18,26,36
-19,27,36
-21,27,36
-22,28,36
-24,28,36
-25,29,36
-27,29,35
-28,30,35
-30,30,34
-31,31,34
-32,32,33
-34,33,33
-35,33,32
-37,34,32
-38,35,31
-40,36,30
-41,37,30
-42,37,29
-44,38,28
-45,39,27
-46,40,26
-47,41,25
-48,42,24
-49,44,23
-50,45,22
-51,46,21
-52,47,20
-52,48,18
-53,50,17
-53,51,16
-53,52,14
-54,53,13
-54,55,12
-54,56,10
-55,57,9
-56,59,8
-56,60,7
-57,62,7
-58,64,6
-58,66,5
-59,67,4
-59,69,3
-60,71,2
-59,72,1
-59,73,0
-58,74,0
-57,75,-1
-56,76,-2
-55,77,-2
-55,78,-3
-54,79,-4
-53,80,-5
-53,81,-6
-53,82,-7
-53,83,-8
-53,84,-9
-53,85,-11
-53,86,-12
-53,87,-13
-53,88,-14
-53,89,-15
-53,90,-16
-52,91,-17
-51,92,-18
-51,93,-19
-50,95,-20
-49,96,-21
-48,97,-22
-47,98,-22
-47,99,-23
-46,100,-24
-45,101,-24
-44,102,-25
-46,39,26
-48,41,24
-50,43,22
-51,46,20
-53,48,17
-53,51,14
-54,53,12
-55,56,9
-57,59,7
-58,62,6
-59,64,5
-60,66,4
-60,70,2
-16,25,36
-18,25,36
-19,25,36
-21,26,36
-22,26,35
-24,26,35
-25,27,35
-27,28,35
-28,28,34
-30,29,34
-31,29,33
-33,30,33
-34,31,32
-36,32,31
-37,32,31
-38,33,30
-40,34,30
-41,35,29
-43,36,28
-44,37,27
-45,38,26
-46,39,25
-48,40,24
-49,41,23
-50,42,22
-50,43,21
-51,44,20
-52,45,19
-53,47,17
-53,48,16
-53,49,15
-54,50,13
-54,52,12
-54,53,11
-55,54,9
-56,56,8
-57,57,8
-58,59,7
-59,61,6
-60,63,5
-60,64,4
-61,66,4
-61,68,3
-61,70,1
-60,71,0
-60,72,0
-59,73,-1
-57,74,-2
-56,75,-3
-55,76,-3
-54,76,-4
-53,78,-4
-52,79,-5
-52,80,-6
-52,81,-7
-52,82,-9
-52,82,-10
-52,83,-11
-53,84,-13
-53,85,-14
-53,86,-15
-53,88,-16
-52,89,-17
-52,90,-18
-51,91,-19
-50,92,-20
-50,93,-21
-49,94,-22
-48,95,-22
-47,96,-23
-46,97,-24
-45,98,-25
-45,99,-25
-44,100,-26
-14,24,36
-21,25,35
-25,26,35
-28,27,34
-31,28,33
-33,30,32
-36,31,31
-39,33,30
-42,34,28
-45,36,26
-47,38,24
-49,41,22
-51,43,20
-52,45,17
-53,48,15
-54,50,12
-55,53,9
-57,56,8
-59,59,6
-61,63,4
-62,67,3
-61,70,0
-59,72,-1
-57,74,-3
-52,77,-5
-51,80,-7
-51,82,-9
-52,83,-12
-52,85,-15
-52,87,-17
-51,90,-19
-50,92,-21
-45,98,-25
-16,23,35
-17,23,35
-19,24,35
-21,24,35
-22,24,35
-24,25,35
-25,25,34
-27,26,34
-28,26,34
-30,27,33
-31,28,33
-33,29,32
-34,29,31
-36,30,31
-37,31,30
-39,31,29
-40,32,29
-41,33,28
-43,34,27
-44,35,26
-45,36,25
-47,37,24
-48,38,23
-49,39,22
-50,40,21
-51,41,20
-51,43,19
-52,44,18
-53,45,16
-53,46,15
-54,48,13
-54,49,12
-54,50,11
-55,51,9
-56,53,8
-57,54,8
-58,56,7
-59,57,6
-60,59,5
-61,61,5
-62,63,4
-63,65,3
-63,67,2
-62,69,0
-61,70,0
-60,71,-1
-59,72,-2
-57,73,-3
-56,73,-3
-54,74,-4
-53,75,-4
-52,76,-5
-51,77,-5
-51,79,-6
-50,80,-8
-50,81,-9
-51,82,-10
-51,82,-12
-51,83,-13
-52,84,-15
-52,85,-16
-52,86,-17
-52,87,-18
-51,88,-19
-51,90,-20
-50,91,-21
-49,92,-22
-48,93,-23
-48,94,-23
-47,95,-24
-46,96,-25
-45,97,-26
-44,98,-26
-43,99,-27
-44,34,26
-46,36,24
-48,38,22
-50,40,20
-52,42,18
-53,45,15
-54,47,12
-54,50,9
-57,53,8
-58,54,7
-60,56,6
-61,57,6
-62,59,5
-63,61,4
-63,63,3
-64,66,2
-63,67,0
-62,69,0
-61,70,-2
-58,71,-3
-16,22,34
-17,22,34
-19,22,34
-21,23,34
-22,23,34
-24,23,34
-25,24,34
-27,24,33
-28,25,33
-30,25,32
-31,26,32
-33,27,31
-34,28,31
-36,28,30
-37,29,29
-39,30,29
-40,31,28
-42,32,27
-43,32,26
-44,33,25
-46,34,24
-47,35,23
-48,36,22
-49,38,21
-50,39,20
-51,40,19
-51,41,18
-52,42,16
-53,43,15
-53,45,14
-53,46,12
-54,47,11
-54,49,10
-55,50,8
-57,51,8
-58,52,7
-60,54,7
-61,56,6
-62,58,5
-63,60,4
-64,62,3
-64,64,2
-64,66,0
-63,67,0
-62,68,-2
-60,69,-3
-59,70,-3
-57,71,-4
-55,72,-4
-54,73,-4
-52,73,-4
-51,75,-5
-50,76,-5
-49,77,-6
-49,79,-8
-49,80,-9
-49,81,-11
-50,82,-12
-50,82,-14
-51,83,-15
-51,84,-17
-51,85,-18
-51,86,-19
-51,87,-20
-51,88,-21
-50,89,-22
-49,90,-23
-48,91,-24
-47,92,-24
-46,93,-25
-45,94,-26
-45,95,-26
-44,96,-27
-43,97,-28
-15,21,34
-21,22,34
-24,23,33
-28,24,33
-31,25,32
-34,26,31
-37,28,29
-40,29,28
-42,31,26
-45,33,24
-47,35,22
-49,37,20
-51,40,18
-52,42,15
-53,44,13
-54,47,10
-56,49,8
-60,52,7
-61,54,6
-63,56,5
-64,58,4
-65,60,3
-65,62,2
-65,64,0
-64,66,0
-63,67,-2
-59,69,-3
-56,70,-4
-53,72,-5
-50,74,-5
-48,77,-7
-48,80,-11
-49,81,-14
-50,83,-16
-51,85,-19
-51,87,-21
-49,89,-23
-46,93,-26
-16,20,33
-17,21,33
-19,21,33
-20,21,33
-22,21,33
-24,22,33
-25,22,33
-27,23,32
-28,23,32
-30,24,32
-32,24,31
-33,25,31
-35,26,30
-36,27,29
-37,27,29
-39,28,28
-40,29,27
-42,30,26
-43,31,25
-44,32,24
-46,33,23
-47,34,22
-48,35,21
-49,36,20
-50,37,19
-51,38,18
-52,39,17
-52,41,15
-53,42,14
-53,43,13
-53,44,11
-54,45,10
-54,47,8
-56,48,8
-58,49,8
-60,50,8
-61,52,7
-63,54,6
-64,56,5
-66,58,3
-66,60,2
-66,62,0
-65,64,0
-64,65,-2
-62,66,-3
-60,67,-4
-58,68,-4
-57,69,-4
-55,70,-5
-53,71,-5
-52,72,-5
-50,73,-5
-49,74,-6
-48,76,-7
-47,77,-8
-47,78,-10
-48,79,-12
-49,80,-13
-49,81,-15
-50,82,-16
-50,83,-17
-50,84,-19
-51,85,-20
-51,86,-21
-50,87,-22
-50,88,-23
-49,89,-24
-48,90,-25
-47,91,-25
-46,92,-26
-45,93,-27
-44,94,-27
-43,95,-28
-42,96,-29
-41,29,26
-44,30,24
-46,32,22
-48,34,20
-50,37,18
-52,39,15
-53,42,13
-54,44,10
-55,47,8
-57,47,8
-59,48,8
-61,50,7
-63,52,6
-65,53,5
-66,56,4
-67,58,2
-67,60,0
-66,62,0
-64,64,-2
-63,65,-3
-61,66,-4
-57,68,-5
-54,69,-5
-51,71,-6
-49,73,-6
-48,74,-7
-47,76,-8
-47,77,-10
-48,79,-13
-16,19,32
-17,19,32
-19,19,32
-20,20,32
-22,20,32
-23,20,32
-25,21,32
-27,21,32
-28,22,31
-30,22,31
-32,23,30
-33,23,30
-35,24,29
-36,25,28
-38,26,28
-39,26,27
-40,27,26
-42,28,25
-43,29,24
-44,30,23
-46,31,22
-47,32,21
-48,33,20
-49,34,19
-50,35,18
-51,37,17
-52,38,16
-52,39,14
-53,40,13
-54,41,12
-54,43,10
-55,44,9
-55,45,8
-56,46,7
-58,47,7
-61,48,7
-63,50,7
-65,51,6
-67,53,4
-68,56,3
-68,58,0
-67,60,-1
-65,62,-2
-63,63,-3
-61,64,-4
-60,65,-4
-58,66,-5
-56,67,-5
-55,68,-6
-53,69,-6
-51,70,-6
-49,71,-6
-48,72,-7
-47,74,-8
-46,75,-9
-46,77,-11
-47,78,-13
-48,79,-14
-49,79,-15
-49,80,-17
-49,81,-18
-50,82,-19
-50,83,-21
-50,84,-22
-50,85,-23
-49,86,-24
-49,88,-25
-48,89,-26
-47,90,-26
-46,91,-27
-45,92,-28
-44,93,-28
-43,94,-29
-41,95,-30
-14,18,32
-18,19,32
-21,19,32
-24,20,32
-27,20,31
-31,22,30
-34,23,29
-37,24,28
-40,26,26
-42,28,24
-45,30,22
-47,32,20
-49,34,18
-51,36,16
-53,39,13
-54,41,11
-55,44,8
-57,46,6
-61,48,6
-64,49,5
-65,50,5
-66,51,5
-69,53,3
-69,55,2
-69,56,1
-68,58,-1
-67,59,-2
-66,60,-2
-64,61,-3
-62,63,-4
-59,65,-5
-55,67,-6
-52,69,-6
-48,71,-7
-46,74,-9
-47,76,-12
-48,78,-15
-49,80,-18
-49,82,-20
-50,84,-23
-49,86,-25
-43,92,-29
-15,18,31
-17,18,31
-18,18,31
-20,18,31
-22,18,31
-23,19,31
-25,19,31
-27,19,31
-28,20,30
-30,20,30
-32,21,30
-33,22,29
-35,22,28
-36,23,28
-38,24,27
-39,25,26
-40,26,25
-42,26,24
-43,27,23
-44,28,22
-46,29,21
-47,30,20
-48,32,19
-49,33,18
-50,34,17
-51,35,16
-52,36,14
-53,37,13
-54,39,12
-54,40,11
-55,41,10
-56,42,8
-56,43,7
-57,45,6
-58,46,5
-60,47,5
-62,48,4
-65,49,4
-68,50,3
-71,53,1
-69,56,-1
-67,58,-2
-65,59,-3
-63,61,-4
-61,62,-5
-59,63,-5
-57,64,-6
-56,65,-6
-54,66,-6
-53,67,-7
-51,68,-7
-49,69,-7
-47,70,-8
-46,72,-9
-45,73,-11
-46,75,-12
-47,76,-14
-48,77,-15
-48,78,-16
-49,79,-18
-49,80,-19
-49,81,-20
-49,82,-21
-49,83,-23
-49,84,-24
-49,85,-25
-48,86,-26
-48,87,-27
-47,88,-27
-46,89,-28
-45,90,-28
-43,91,-29
-42,92,-30
-41,93,-31
-38,23,26
-41,25,24
-44,27,22
-46,29,20
-48,31,18
-50,34,15
-52,36,13
-54,38,11
-56,41,9
-57,43,6
-59,46,4
-61,47,3
-63,48,3
-66,48,2
-68,48,2
-70,49,1
-71,51,0
-71,53,-1
-69,54,-3
-68,56,-3
-65,57,-4
-63,59,-4
-61,60,-5
-60,62,-5
-56,64,-6
-53,66,-7
-50,68,-8
-48,69,-8
-46,70,-9
-45,72,-10
-45,73,-12
-47,75,-15
-14,16,30
-16,17,30
-18,17,30
-20,17,30
-21,17,30
-23,17,30
-25,18,30
-26,18,30
-28,18,29
-30,19,29
-31,19,29
-33,20,28
-35,21,27
-36,21,27
-38,22,26
-39,23,25
-41,24,24
-42,25,23
-43,26,22
-44,27,21
-45,28,20
-46,29,19
-47,30,18
-48,31,16
-49,33,15
-50,34,14
-52,35,13
-53,36,12
-54,37,11
-55,38,10
-56,39,9
-57,41,8
-57,42,6
-58,43,5
-59,44,4
-60,46,3
-62,47,2
-64,47,2
-67,47,0
-70,49,-1
-69,53,-4
-66,55,-4
-64,57,-5
-62,59,-5
-60,60,-5
-58,61,-6
-57,63,-7
-55,64,-7
-54,65,-7
-52,66,-8
-51,67,-8
-49,67,-9
-47,69,-9
-46,70,-11
-45,71,-12
-46,73,-13
-47,74,-15
-48,75,-16
-48,76,-17
-49,77,-18
-49,78,-20
-48,79,-21
-49,80,-22
-49,81,-23
-49,82,-25
-48,84,-26
-48,85,-27
-47,86,-28
-46,87,-28
-45,88,-29
-44,89,-29
-43,90,-30
-42,91,-31
-41,92,-31
-13,16,29
-17,16,29
-20,16,30
-24,17,29
-27,17,29
-31,18,28
-34,20,27
-37,21,26
-40,23,24
-43,24,22
-45,26,20
-47,29,18
-48,31,15
-51,33,13
-54,35,11
-56,38,9
-57,40,7
-59,43,4
-61,45,2
-65,46,0
-67,47,-1
-68,48,-2
-68,50,-4
-66,53,-5
-65,54,-5
-64,55,-5
-62,57,-5
-60,58,-6
-57,61,-7
-54,63,-8
-51,65,-9
-48,67,-10
-46,70,-12
-46,73,-15
-48,75,-17
-49,77,-20
-48,79,-22
-48,81,-24
-48,83,-27
-14,15,29
-16,15,29
-17,15,29
-19,16,29
-21,16,29
-23,16,29
-24,16,29
-26,16,29
-28,17,28
-30,17,28
-31,18,28
-33,18,27
-35,19,27
-36,20,26
-38,21,25
-39,21,24
-41,22,23
-42,23,22
-43,24,21
-44,25,20
-46,26,19
-46,27,18
-47,28,17
-48,30,15
-49,31,14
-50,32,13
-52,33,12
-53,34,11
-55,35,11
-56,36,9
-57,38,8
-58,39,7
-58,40,6
-59,42,5
-60,43,3
-60,44,2
-61,45,1
-63,46,0
-65,46,-1
-66,48,-3
-66,50,-5
-64,53,-6
-62,55,-6
-61,57,-6
-59,58,-6
-58,59,-7
-56,61,-7
-55,62,-8
-53,63,-8
-52,64,-9
-50,65,-10
-49,66,-10
-47,67,-11
-46,68,-12
-46,70,-13
-46,71,-14
-47,72,-16
-48,74,-17
-48,75,-18
-48,76,-19
-49,77,-21
-48,78,-22
-48,79,-23
-48,80,-24
-48,81,-25
-48,82,-26
-47,83,-27
-47,84,-28
-46,85,-29
-45,87,-30
-44,87,-30
-43,88,-30
-42,89,-31
-41,90,-32
-35,19,26
-38,20,24
-41,22,23
-44,24,20
-46,26,18
-48,28,15
-50,31,13
-53,33,11
-56,35,10
-58,37,7
-59,40,5
-62,45,0
-63,46,0
-64,47,-2
-64,49,-4
-64,51,-6
-63,53,-6
-61,55,-6
-59,56,-6
-58,58,-7
-55,60,-8
-53,63,-9
-50,65,-11
-47,67,-12
-46,70,-14
-13,14,27
-15,14,28
-17,14,28
-19,14,28
-21,15,28
-22,15,28
-24,15,28
-26,15,28
-28,15,27
-29,16,27
-31,16,27
-33,17,26
-34,17,26
-36,18,25
-38,19,24
-39,20,23
-41,20,23
-42,21,22
-43,22,21
-45,23,19
-46,24,18
-47,25,17
-48,27,16
-48,28,14
-49,29,13
-51,30,12
-52,31,11
-53,32,10
-55,33,9
-56,35,9
-58,36,8
-59,37,6
-59,39,5
-60,40,4
-60,41,2
-61,43,1
-61,44,0
-62,45,0
-62,46,-2
-63,48,-3
-63,49,-6
-62,51,-7
-61,53,-7
-59,55,-6
-58,56,-7
-57,58,-8
-56,59,-8
-54,60,-9
-53,61,-10
-52,63,-10
-51,64,-11
-49,65,-12
-48,66,-12
-47,67,-13
-47,68,-14
-47,70,-16
-47,71,-17
-47,72,-18
-48,73,-19
-48,74,-20
-48,76,-22
-48,77,-23
-48,78,-24
-47,79,-25
-47,80,-26
-47,81,-27
-46,82,-28
-46,83,-29
-45,84,-30
-45,85,-31
-44,86,-31
-43,87,-31
-42,88,-31
-40,89,-32
-12,13,27
-16,14,27
-19,14,27
-23,14,27
-27,15,27
-30,15,26
-34,16,25
-37,18,24
-40,19,23
-43,21,21
-45,23,18
-47,25,16
-49,28,13
-52,30,11
-54,32,9
-57,34,7
-60,37,5
-60,40,2
-61,43,0
-61,45,-1
-61,48,-4
-62,49,-7
-61,51,-7
-58,55,-7
-56,58,-8
-54,60,-10
-51,62,-11
-49,65,-13
-47,67,-15
-47,70,-17
-47,72,-19
-48,74,-21
-47,76,-24
-13,13,26
-15,13,26
-16,13,26
-18,13,26
-20,13,26
-22,14,26
-24,14,26
-26,14,26
-27,14,26
-29,14,26
-31,15,26
-33,15,25
-34,16,25
-36,16,24
-38,17,23
-39,18,22
-41,19,22
-42,20,21
-44,21,20
-45,22,19
-46,23,17
-47,24,16
-48,25,15
-49,26,14
-50,27,12
-51,28,11
-53,30,10
-54,31,9
-55,32,8
-56,33,7
-58,34,6
-59,35,5
-60,37,4
-61,38,3
-60,40,1
-60,41,0
-61,42,0
-61,44,-2
-60,45,-2
-60,47,-4
-61,48,-6
-60,49,-8
-59,51,-8
-58,53,-7
-57,55,-8
-56,56,-9
-55,57,-9
-54,59,-10
-53,60,-11
-52,61,-12
-51,62,-12
-49,63,-13
-48,64,-14
-47,66,-15
-47,67,-16
-47,68,-17
-47,69,-18
-47,71,-19
-47,72,-20
-47,73,-21
-47,74,-22
-47,75,-24
-47,76,-25
-46,78,-26
-46,79,-27
-46,80,-28
-46,81,-29
-45,82,-30
-45,83,-31
-44,84,-31
-43,86,-32
-41,87,-32
-32,14,25
-35,15,24
-38,17,22
-41,18,21
-44,20,19
-47,22,16
-49,25,14
-51,27,12
-54,29,10
-56,32,7
-58,34,5
-60,35,4
-61,37,3
-61,38,1
-60,40,0
-60,46,-3
-59,47,-5
-60,48,-7
-59,50,-8
-58,51,-8
-56,55,-8
-12,11,25
-14,12,25
-16,12,25
-18,12,25
-20,12,25
-22,13,25
-23,13,25
-25,13,25
-27,13,25
-29,13,25
-31,13,24
-32,14,24
-34,14,24
-36,15,23
-37,15,22
-39,16,22
-41,17,21
-42,18,20
-44,19,19
-45,20,18
-46,21,17
-47,22,15
-48,23,14
-50,24,13
-51,25,12
-52,27,11
-53,28,10
-55,29,9
-56,30,7
-57,31,6
-58,33,5
-59,34,4
-60,35,3
-61,37,1
-61,38,0
-60,40,-1
-60,41,-2
-60,43,-3
-59,44,-4
-59,46,-5
-59,47,-6
-58,48,-8
-57,50,-8
-56,51,-8
-55,53,-8
-55,55,-10
-54,56,-11
-54,57,-11
-53,59,-12
-52,60,-13
-51,61,-14
-50,62,-15
-49,63,-15
-48,64,-16
-47,66,-17
-47,67,-18
-47,68,-19
-47,69,-20
-47,71,-21
-47,72,-22
-46,73,-23
-46,74,-24
-46,75,-25
-46,76,-26
-45,77,-27
-45,78,-29
-45,79,-30
-44,81,-30
-44,82,-31
-43,83,-32
-42,84,-32
-42,84,-32
-41,85,-33
-41,86,-33
-11,10,25
-15,11,25
-19,12,25
-22,12,25
-26,12,24
-29,13,24
-33,13,23
-37,14,22
-40,16,21
-43,17,19
-46,19,17
-48,21,14
-50,24,12
-53,26,10
-56,29,8
-57,31,5
-59,34,2
-61,36,0
-61,40,-2
-59,43,-4
-58,46,-6
-57,48,-8
-55,52,-8
-54,55,-11
-53,57,-13
-51,60,-14
-49,62,-16
-47,64,-17
-47,67,-19
-47,69,-21
-12,10,25
-14,11,24
-16,11,24
-17,11,24
-19,11,24
-21,11,24
-23,12,24
-25,12,24
-27,12,24
-28,12,23
-30,12,23
-32,12,23
-34,13,22
-36,13,22
-37,14,21
-39,15,20
-41,15,20
-42,16,19
-44,17,18
-45,18,17
-47,19,16
-48,20,14
-49,21,13
-50,22,12
-51,24,11
-52,25,9
-54,26,8
-55,27,8
-57,28,6
-57,30,5
-58,31,4
-58,33,2
-60,34,1
-61,35,0
-61,36,-1
-61,38,-2
-60,40,-3
-60,41,-4
-59,43,-5
-58,44,-6
-57,46,-7
-57,47,-8
-56,48,-8
-55,50,-9
-54,52,-10
-54,53,-11
-54,55,-12
-53,56,-13
-53,57,-14
-52,59,-14
-51,60,-15
-50,61,-16
-49,62,-17
-48,63,-17
-47,64,-18
-47,66,-19
-47,67,-20
-47,68,-21
-46,69,-22
-46,71,-23
-45,72,-24
-45,73,-25
-45,74,-26
-45,75,-27
-44,76,-28
-44,77,-29
-44,78,-30
-43,79,-31
-43,80,-32
-42,82,-33
-41,83,-33
-41,83,-33
-40,85,-33
-12,9,24
-35,12,21
-38,13,20
-41,15,19
-45,16,17
-47,18,15
-49,20,13
-50,21,12
-52,23,10
-54,26,7
-56,27,6
-57,28,5
-58,30,4
-58,31,2
-60,33,0
-61,35,-1
-61,36,-2
-61,38,-4
-60,40,-4
-58,43,-6
-56,46,-7
-55,49,-9
-54,52,-11
-11,8,24
-13,9,23
-15,10,23
-17,10,23
-19,11,23
-21,11,23
-23,11,22
-24,11,22
-26,11,22
-28,11,22
-30,11,22
-32,11,21
-33,12,21
-35,12,21
-37,12,20
-39,13,19
-40,14,19
-42,14,18
-44,15,17
-45,16,16
-47,17,15
-48,18,14
-49,19,12
-51,20,11
-52,22,10
-53,23,8
-54,24,7
-55,25,6
-56,27,5
-58,28,4
-58,29,2
-58,31,1
-59,32,0
-60,33,-1
-61,35,-2
-61,37,-4
-60,38,-5
-59,40,-5
-58,41,-6
-57,43,-7
-56,44,-7
-55,46,-8
-55,47,-9
-54,49,-10
-54,50,-11
-54,52,-12
-54,53,-13
-53,55,-14
-52,56,-15
-52,57,-16
-51,59,-17
-50,60,-17
-49,61,-18
-48,62,-19
-47,63,-19
-46,64,-20
-46,66,-21
-46,67,-22
-46,68,-23
-45,69,-24
-45,71,-25
-44,72,-25
-44,73,-26
-43,74,-27
-43,75,-28
-43,76,-30
-42,77,-31
-42,78,-32
-41,79,-32
-41,81,-33
-40,82,-34
-39,83,-34
-38,84,-34
-14,9,23
-18,10,22
-21,10,22
-25,10,22
-29,10,21
-32,11,21
-36,11,20
-40,12,19
-43,14,17
-46,15,15
-49,18,13
-51,20,10
-53,23,7
-56,25,5
-58,28,2
-58,31,0
-60,34,-2
-60,37,-5
-58,40,-7
-56,43,-8
-54,46,-9
-54,49,-11
-53,52,-13
-53,55,-15
-51,57,-17
-49,60,-18
-48,62,-20
-11,6,24
-13,8,23
-15,9,22
-17,9,21
-19,10,21
-20,10,21
-22,10,21
-24,10,21
-26,10,21
-28,10,21
-29,10,20
-31,10,20
-33,10,20
-35,11,19
-37,11,19
-38,11,18
-40,12,18
-42,12,17
-44,13,16
-46,14,15
-47,15,14
-49,16,13
-50,17,12
-51,18,10
-52,20,9
-53,21,7
-54,23,6
-55,24,5
-56,25,3
-57,26,2
-58,28,1
-58,29,0
-58,31,-1
-59,32,-2
-59,34,-4
-59,35,-5
-59,37,-6
-58,38,-7
-57,40,-8
-56,42,-8
-55,43,-9
-54,44,-9
-54,46,-10
-54,47,-11
-53,49,-12
-53,50,-13
-53,52,-14
-53,53,-15
-52,55,-16
-52,56,-17
-51,57,-18
-50,59,-19
-49,60,-19
-48,61,-20
-47,62,-21
-46,63,-21
-46,65,-22
-45,66,-23
-45,67,-24
-45,68,-25
-44,69,-26
-43,71,-26
-43,72,-27
-42,73,-28
-42,74,-29
-42,75,-30
-41,76,-31
-41,77,-32
-40,78,-33
-39,80,-34
-39,81,-34
-38,82,-34
-37,84,-35
-12,6,23
-34,10,19
-37,10,18
-41,11,17
-45,13,15
-47,13,14
-48,14,13
-50,15,12
-51,17,11
-52,18,9
-53,20,8
-54,21,6
-54,22,5
-56,25,2
-57,27,1
-58,28,0
-58,29,-1
-58,31,-2
-58,34,-5
-58,37,-7
-56,40,-8
-55,43,-10
-53,46,-11
-12,6,22
-14,8,21
-16,9,20
-18,9,20
-20,9,20
-22,9,20
-24,9,20
-25,9,19
-27,9,19
-29,9,19
-31,9,19
-32,9,18
-34,9,18
-36,10,17
-38,10,17
-40,10,16
-42,11,16
-44,11,15
-46,12,14
-47,13,13
-49,14,12
-51,15,11
-52,16,9
-53,18,8
-54,19,6
-54,21,5
-55,22,3
-55,24,2
-56,25,1
-57,27,0
-58,28,-1
-58,29,-2
-58,31,-4
-58,33,-5
-58,34,-6
-58,36,-7
-57,37,-8
-56,39,-9
-56,40,-9
-55,42,-10
-54,43,-11
-53,45,-12
-53,46,-13
-53,48,-14
-53,49,-15
-53,50,-16
-52,52,-17
-52,53,-18
-51,55,-18
-51,56,-19
-50,57,-20
-49,59,-21
-48,60,-21
-47,61,-22
-46,62,-23
-46,63,-23
-45,65,-24
-44,66,-25
-44,67,-25
-43,68,-26
-42,69,-27
-42,71,-27
-41,72,-28
-41,73,-29
-40,74,-30
-40,75,-31
-39,76,-32
-39,78,-33
-38,79,-34
-37,80,-35
-36,82,-35
-35,83,-35
-11,4,23
-13,6,21
-17,8,20
-21,9,19
-24,9,19
-28,9,18
-31,9,18
-35,9,17
-39,9,16
-43,10,15
-46,11,13
-50,13,11
-52,15,10
-53,16,8
-54,19,5
-55,22,2
-56,25,0
-58,28,-3
-57,31,-5
-57,34,-7
-56,37,-9
-55,40,-10
-53,43,-12
-53,46,-14
-53,49,-16
-52,52,-18
-51,55,-19
-49,57,-21
-48,60,-22
-39,76,-33
-37,79,-35
-34,82,-35
-12,5,21
-14,6,20
-16,8,19
-18,8,19
-20,8,19
-21,8,18
-23,8,18
-25,8,18
-27,8,18
-28,8,17
-30,8,17
-32,8,17
-34,8,16
-36,9,16
-37,9,15
-39,9,15
-41,9,14
-43,10,14
-45,10,13
-47,11,12
-49,12,11
-51,13,10
-53,14,8
-54,16,7
-55,17,5
-55,19,3
-55,21,2
-55,22,1
-55,24,0
-56,25,-1
-57,27,-2
-57,28,-4
-57,30,-5
-57,31,-6
-56,33,-7
-56,34,-8
-56,36,-9
-56,37,-10
-55,39,-11
-54,40,-11
-53,42,-12
-53,43,-13
-53,45,-14
-53,46,-15
-53,48,-16
-52,49,-17
-52,51,-18
-52,52,-19
-51,53,-20
-50,55,-21
-50,56,-21
-49,57,-22
-48,59,-23
-47,60,-23
-46,61,-24
-45,62,-25
-45,63,-25
-44,65,-26
-43,66,-26
-42,67,-27
-42,68,-28
-41,69,-28
-40,71,-29
-40,72,-30
-39,73,-31
-39,74,-32
-38,75,-33
-38,77,-34
-37,78,-35
-36,79,-35
-34,81,-35
-32,84,-36
-36,8,15
-40,8,14
-42,9,13
-44,9,13
-46,9,12
-48,10,11
-50,11,10
-52,12,9
-54,14,7
-55,16,5
-55,17,4
-55,19,2
-55,21,0
-55,22,0
-56,25,-2
-57,28,-5
-56,32,-7
-56,35,-9
-33,82,-36
-13,4,20
-14,5,19
-16,7,18
-18,7,18
-19,8,17
-21,8,17
-23,8,17
-25,8,17
-26,8,16
-28,8,16
-30,8,16
-31,8,15
-33,8,15
-35,8,14
-37,8,14
-39,8,13
-41,8,13
-43,8,12
-45,8,12
-47,9,11
-49,10,10
-51,11,9
-53,12,7
-54,14,5
-55,15,4
-55,17,2
-55,19,0
-55,21,0
-55,23,-1
-55,24,-3
-55,26,-4
-56,27,-5
-56,28,-7
-56,30,-7
-55,32,-8
-55,33,-9
-55,35,-10
-54,36,-11
-54,38,-12
-53,39,-13
-53,41,-14
-53,42,-14
-52,44,-15
-52,45,-16
-52,46,-17
-52,48,-18
-52,49,-19
-51,51,-20
-51,52,-21
-50,53,-22
-49,55,-23
-49,56,-23
-48,57,-24
-47,59,-25
-46,60,-25
-45,61,-26
-44,62,-26
-44,63,-27
-43,65,-27
-42,66,-28
-41,67,-28
-40,68,-29
-39,70,-29
-39,71,-30
-38,72,-31
-38,73,-32
-37,74,-33
-36,76,-34
-35,77,-35
-34,79,-35
-33,81,-36
-14,4,19
-17,7,17
-27,7,15
-30,7,15
-34,7,14
-37,7,13
-41,7,12
-46,8,10
-48,8,9
-50,9,8
-52,10,7
-54,12,5
-55,13,4
-56,15,2
-56,17,0
-56,19,0
-55,23,-3
-55,26,-5
-55,29,-8
-54,32,-9
-54,35,-11
-53,38,-13
-52,41,-15
-52,44,-17
-52,46,-18
-51,49,-20
-50,52,-22
-49,55,-24
-47,57,-25
-46,60,-26
-36,75,-34
-34,77,-35
-31,81,-36
-15,4,18
-16,6,17
-18,7,16
-19,7,16
-21,7,16
-23,7,15
-24,7,15
-26,7,15
-27,7,15
-29,7,14
-31,7,14
-32,7,13
-34,7,13
-36,7,12
-38,7,12
-40,7,11
-42,7,11
-44,7,10
-46,7,9
-49,8,8
-51,9,7
-53,10,5
-54,11,4
-55,13,2
-56,15,0
-56,17,0
-55,19,-2
-55,21,-3
-54,23,-4
-54,24,-5
-55,26,-6
-55,27,-8
-55,29,-9
-54,31,-9
-53,32,-10
-53,34,-11
-53,35,-12
-53,37,-13
-53,38,-14
-52,40,-15
-52,41,-16
-52,42,-17
-52,44,-18
-51,45,-19
-51,46,-20
-51,48,-20
-51,49,-21
-50,51,-22
-49,52,-23
-49,53,-24
-48,55,-24
-47,56,-25
-47,57,-26
-46,59,-26
-45,60,-27
-44,61,-28
-43,62,-28
-42,64,-29
-42,65,-29
-41,66,-29
-40,67,-30
-39,68,-30
-38,70,-31
-37,71,-32
-37,72,-33
-36,73,-34
-35,75,-35
-34,76,-35
-33,78,-36
-31,80,-36
-14,2,18
-35,6,12
-38,6,11
-40,6,10
-42,7,9
-45,7,8
-47,7,8
-49,7,6
-51,8,5
-53,10,4
-55,11,2
-56,13,0
-56,16,0
-56,18,-2
-55,19,-3
-54,23,-5
-54,26,-8
-54,29,-9
-52,33,-11
-31,78,-36
-15,3,17
-16,5,16
-18,6,15
-19,6,15
-21,7,14
-22,7,14
-24,7,14
-25,7,13
-27,6,13
-28,6,13
-30,6,12
-32,6,12
-33,6,11
-35,6,11
-37,6,10
-39,6,9
-41,6,9
-43,6,8
-45,6,7
-47,6,6
-50,7,5
-52,8,3
-54,10,2
-55,11,0
-56,14,-1
-56,16,-2
-55,18,-3
-54,20,-5
-54,21,-6
-54,23,-6
-53,25,-8
-53,26,-9
-53,28,-10
-53,30,-10
-52,31,-11
-52,33,-12
-52,34,-13
-51,36,-14
-51,37,-15
-51,38,-16
-51,40,-17
-51,41,-18
-51,42,-19
-51,44,-20
-51,45,-21
-50,47,-22
-50,48,-23
-49,49,-23
-49,51,-24
-48,52,-25
-48,53,-26
-47,55,-26
-46,56,-27
-46,57,-28
-45,59,-28
-44,60,-29
-43,61,-29
-42,62,-30
-41,64,-30
-40,65,-31
-39,66,-31
-38,67,-31
-37,68,-32
-37,70,-32
-36,71,-33
-35,72,-34
-34,74,-35
-33,75,-36
-32,77,-36
-30,79,-37
-29,6,12
-32,6,11
-36,6,10
-39,6,8
-44,6,7
-46,6,6
-48,6,4
-50,7,3
-52,8,2
-54,10,0
-54,11,0
-55,12,-1
-55,14,-2
-55,16,-4
-54,20,-6
-53,23,-8
-53,27,-10
-52,30,-11
-51,33,-12
-51,36,-15
-51,38,-17
-51,41,-19
-50,44,-21
-50,47,-23
-49,49,-24
-48,52,-26
-46,55,-27
-45,57,-28
-43,60,-30
-34,72,-35
-32,75,-36
-30,77,-37
-16,2,16
-17,4,15
-18,5,14
-19,6,13
-20,6,13
-22,6,13
-23,6,12
-25,6,12
-26,6,12
-28,6,11
-29,6,11
-31,6,10
-33,6,10
-34,6,9
-36,5,9
-38,5,8
-40,5,7
-42,5,6
-44,5,5
-46,6,4
-48,6,3
-50,7,1
-52,8,0
-54,10,-1
-55,12,-3
-55,14,-4
-55,16,-5
-54,18,-6
-53,20,-7
-53,22,-8
-52,24,-9
-52,25,-10
-52,27,-11
-51,29,-11
-51,30,-12
-50,32,-12
-50,34,-13
-50,35,-15
-50,36,-16
-50,37,-17
-50,39,-18
-50,40,-19
-50,41,-20
-50,43,-21
-50,44,-22
-50,45,-23
-49,47,-24
-49,48,-25
-48,49,-25
-48,51,-26
-47,52,-27
-46,53,-27
-46,55,-28
-45,56,-29
-44,57,-29
-44,59,-30
-43,60,-30
-42,61,-31
-41,62,-31
-40,64,-32
-39,65,-32
-38,66,-32
-37,67,-33
-36,69,-33
-35,70,-34
-34,71,-35
-33,73,-35
-32,74,-36
-31,76,-37
-37,5,7
-40,5,6
-42,5,5
-44,5,4
-47,5,3
-49,6,1
-51,7,0
-52,8,-1
-54,10,-3
-54,12,-4
-54,15,-6
-54,17,-7
-53,19,-7
-52,21,-8
-52,24,-10
-51,27,-12
-50,31,-13
-49,34,-14
-17,3,14
-18,4,13
-19,5,12
-20,6,12
-22,6,11
-23,6,11
-24,6,11
-26,6,10
-27,6,10
-29,6,9
-30,5,9
-32,5,8
-33,5,8
-35,5,7
-37,5,6
-39,5,5
-41,5,4
-43,5,3
-45,5,2
-47,5,1
-49,6,0
-51,7,-1
-52,9,-3
-53,10,-5
-54,13,-6
-54,15,-7
-53,17,-8
-52,19,-9
-52,21,-9
-51,23,-10
-51,24,-11
-51,26,-12
-50,28,-12
-49,29,-13
-49,31,-14
-48,33,-14
-49,34,-16
-49,35,-17
-49,36,-18
-49,37,-19
-49,39,-20
-49,40,-21
-49,41,-22
-49,43,-23
-49,44,-24
-48,45,-25
-48,47,-26
-47,48,-26
-47,49,-27
-46,51,-28
-46,52,-29
-45,53,-29
-44,55,-30
-44,56,-30
-43,57,-31
-42,59,-31
-41,60,-32
-41,61,-32
-40,62,-33
-39,64,-33
-38,65,-33
-37,66,-34
-35,67,-34
-34,69,-35
-33,70,-35
-32,71,-36
-31,73,-36
-30,74,-37
-31,5,8
-34,5,6
-37,5,5
-41,5,3
-45,5,1
-47,5,0
-49,6,-1
-51,7,-3
-52,9,-5
-53,11,-6
-53,13,-7
-52,18,-9
-51,21,-10
-50,25,-12
-49,28,-13
-48,31,-15
-48,34,-17
-49,36,-19
-49,39,-21
-49,41,-23
-48,44,-25
-47,47,-27
-46,50,-28
-45,52,-29
-44,55,-31
-42,57,-32
-33,70,-36
-18,3,12
-19,4,11
-21,5,10
-24,6,9
-25,6,9
-26,5,8
-28,5,8
-29,5,7
-31,5,7
-33,5,6
-34,5,5
-36,5,5
-38,5,4
-39,4,3
-41,4,2
-43,4,0
-45,5,0
-47,5,-1
-49,6,-3
-51,8,-5
-52,9,-6
-52,12,-8
-52,14,-9
-52,16,-10
-51,18,-10
-51,20,-11
-50,22,-11
-50,23,-12
-49,25,-13
-49,27,-14
-48,28,-14
-48,30,-15
-48,31,-16
-48,33,-17
-48,34,-18
-48,35,-19
-48,36,-20
-48,38,-21
-48,39,-22
-48,40,-23
-48,42,-24
-48,43,-25
-47,44,-26
-47,46,-27
-46,47,-27
-46,48,-28
-45,50,-29
-45,51,-29
-44,52,-30
-44,54,-31
-43,55,-31
-42,56,-32
-42,57,-32
-41,59,-33
-40,60,-33
-39,61,-34
-38,63,-34
-37,64,-34
-36,65,-35
-35,66,-35
-34,68,-35
-33,69,-36
-32,70,-36
-30,72,-37
-38,4,2
-42,4,0
-43,4,0
-45,5,-1
-47,6,-3
-49,7,-5
-50,8,-6
-51,10,-8
-51,12,-9
-51,14,-10
-51,17,-11
-50,19,-11
-49,22,-12
-29,72,-37
-19,3,11
-19,4,10
-20,4,9
-21,5,9
-22,5,8
-23,5,8
-24,5,7
-26,5,7
-27,5,6
-29,5,6
-30,5,5
-32,5,5
-33,5,4
-35,5,3
-36,4,2
-38,4,1
-40,4,0
-42,4,0
-44,5,-2
-45,5,-3
-47,6,-5
-49,7,-6
-50,9,-8
-50,11,-9
-51,13,-10
-50,15,-11
-50,17,-12
-49,19,-12
-49,21,-13
-49,23,-13
-48,24,-14
-48,26,-15
-47,27,-15
-47,29,-16
-47,30,-17
-47,32,-18
-47,33,-19
-47,34,-20
-47,35,-21
-47,36,-22
-47,38,-23
-47,39,-24
-47,40,-25
-47,42,-26
-46,43,-27
-46,44,-28
-45,46,-28
-45,47,-29
-44,48,-30
-44,50,-30
-43,51,-31
-43,52,-32
-42,54,-32
-42,55,-33
-41,56,-33
-40,57,-34
-39,59,-34
-39,60,-35
-38,61,-35
-37,63,-35
-36,64,-36
-35,65,-36
-33,66,-36
-32,68,-36
-31,69,-37
-30,71,-37
-32,5,3
-35,4,2
-38,4,0
-42,5,-2
-45,6,-5
-47,6,-6
-48,8,-8
-50,11,-10
-50,16,-12
-49,19,-13
-48,23,-14
-47,26,-16
-47,29,-17
-47,32,-19
-47,34,-21
-47,37,-23
-46,39,-25
-46,42,-27
-45,44,-28
-44,47,-30
-43,50,-31
-42,52,-32
-31,68,-37
-19,3,9
-20,4,7
-22,5,6
-25,5,6
-26,5,5
-28,5,4
-29,5,4
-31,5,3
-32,5,2
-34,5,2
-35,4,1
-37,4,0
-39,4,0
-40,5,-2
-42,5,-3
-44,5,-4
-45,6,-6
-47,7,-8
-48,8,-9
-49,10,-11
-49,12,-12
-49,14,-12
-49,16,-13
-48,18,-13
-48,20,-14
-47,22,-15
-47,23,-15
-47,25,-16
-46,26,-17
-46,28,-17
-46,29,-18
-46,30,-19
-46,32,-20
-46,33,-21
-46,34,-22
-46,35,-23
-46,37,-24
-46,38,-25
-46,39,-26
-45,41,-27
-45,42,-28
-45,43,-28
-44,44,-29
-44,46,-30
-43,47,-30
-43,48,-31
-42,50,-32
-42,51,-32
-41,52,-33
-41,54,-34
-40,55,-34
-39,56,-35
-39,57,-35
-38,59,-35
-37,60,-36
-36,61,-36
-35,63,-36
-34,64,-37
-33,65,-37
-32,66,-37
-30,68,-38
-19,2,8
-39,4,-2
-42,5,-4
-44,6,-6
-45,6,-7
-46,7,-9
-47,9,-11
-48,11,-12
-48,13,-13
-48,17,-14
-19,2,7
-20,3,7
-20,4,6
-21,4,6
-22,5,5
-23,5,5
-24,5,4
-25,5,4
-27,5,3
-28,5,3
-30,5,2
-31,5,1
-32,5,0
-34,5,0
-36,5,-1
-37,5,-2
-39,5,-3
-40,5,-4
-42,5,-6
-43,6,-7
-45,7,-9
-46,8,-10
-47,10,-12
-47,12,-13
-47,14,-13
-47,16,-14
-47,17,-15
-47,19,-15
-46,21,-16
-46,23,-16
-46,24,-17
-45,26,-18
-45,27,-19
-45,28,-20
-45,30,-20
-45,31,-21
-45,32,-22
-45,33,-23
-45,34,-24
-45,36,-25
-45,37,-26
-44,38,-27
-44,39,-28
-44,41,-28
-43,42,-29
-43,43,-30
-43,45,-31
-42,46,-31
-42,47,-32
-41,48,-32
-41,50,-33
-40,51,-34
-40,52,-34
-39,54,-35
-39,55,-35
-38,56,-36
-37,57,-36
-37,59,-36
-36,60,-37
-35,61,-37
-34,62,-37
-33,64,-37
-31,65,-38
-30,66,-38
-20,2,6
-30,5,1
-33,5,0
-36,5,-2
-39,5,-4
-42,6,-7
-44,8,-10
-46,11,-13
-46,14,-14
-46,18,-15
-45,21,-17
-45,24,-18
-45,27,-20
-45,30,-21
-45,32,-23
-44,35,-25
-44,37,-27
-43,40,-28
-43,42,-30
-42,45,-31
-30,65,-38
-20,1,6
-20,2,5
-20,3,5
-21,4,4
-23,5,3
-26,5,2
-27,5,1
-28,5,1
-30,5,0
-31,5,0
-33,5,-1
-34,5,-2
-36,5,-3
-37,5,-4
-39,5,-5
-40,6,-7
-42,6,-8
-43,7,-10
-44,8,-11
-45,10,-13
-45,11,-14
-46,13,-14
-46,15,-15
-46,17,-16
-45,19,-16
-45,20,-17
-45,22,-18
-45,23,-18
-44,25,-19
-44,26,-20
-44,27,-21
-44,29,-22
-44,30,-22
-44,31,-23
-44,32,-24
-44,34,-25
-44,35,-26
-43,36,-27
-43,37,-28
-43,38,-28
-42,40,-29
-42,41,-30
-42,42,-31
-41,43,-31
-41,45,-32
-40,46,-32
-40,47,-33
-40,48,-34
-39,50,-34
-39,51,-35
-38,52,-35
-38,53,-36
-37,55,-36
-36,56,-37
-36,57,-37
-35,59,-37
-34,60,-37
-33,61,-38
-32,62,-38
-31,64,-38
-39,6,-7
-41,7,-9
-44,9,-12
-45,12,-15
-31,62,-38
-20,0,4
-20,2,3
-20,3,3
-21,4,3
-21,5,2
-22,5,2
-24,5,1
-25,5,1
-26,5,0
-27,5,0
-29,5,0
-30,5,-1
-32,5,-2
-33,5,-3
-34,5,-4
-36,5,-5
-37,5,-7
-39,6,-8
-40,7,-9
-41,7,-11
-42,8,-12
-43,10,-13
-44,11,-15
-44,13,-15
-44,15,-16
-44,16,-17
-44,18,-17
-44,20,-18
-44,21,-19
-43,23,-19
-43,24,-20
-43,25,-21
-43,27,-22
-43,28,-23
-43,29,-23
-43,30,-24
-43,31,-25
-42,33,-26
-42,34,-27
-42,35,-28
-42,36,-28
-41,37,-29
-41,39,-30
-41,40,-30
-40,41,-31
-40,42,-32
-39,44,-32
-39,45,-33
-39,46,-33
-38,47,-34
-38,48,-35
-37,50,-35
-37,51,-36
-36,52,-36
-36,53,-37
-35,55,-37
-35,56,-37
-34,57,-38
-34,59,-38
-33,60,-38
-32,61,-38
-30,5,-2
-33,5,-4
-36,5,-6
-39,6,-9
-41,8,-12
-43,10,-14
-43,14,-16
-43,17,-18
-43,20,-19
-20,0,3
-20,3,1
-21,5,1
-24,5,0
-25,5,0
-26,5,-1
-28,5,-1
-29,5,-2
-30,5,-3
-32,5,-4
-33,5,-5
-35,5,-6
-36,6,-7
-37,6,-9
-39,7,-10
-40,8,-12
-41,9,-13
-42,10,-14
-42,11,-15
-43,13,-16
-43,14,-17
-43,16,-18
-43,18,-18
-43,19,-19
-42,21,-20
-42,22,-20
-42,23,-21
-42,25,-22
-42,26,-23
-42,27,-24
-42,28,-24
-41,30,-25
-41,31,-26
-41,32,-27
-41,33,-28
-41,34,-28
-40,35,-29
-40,37,-30
-40,38,-30
-39,39,-31
-39,40,-32
-38,41,-32
-38,43,-33
-38,44,-33
-37,45,-34
-37,46,-34
-36,47,-35
-36,49,-36
-36,50,-36
-35,51,-37
-35,52,-37
-34,53,-37
-33,56,-38
-32,58,-38
-31,60,-39
-38,7,-11
-20,0,1
-20,2,0
-20,3,0
-21,4,0
-22,5,0
-23,5,-1
-24,5,-1
-25,5,-2
-26,5,-2
-28,5,-3
-29,5,-4
-30,5,-5
-32,6,-6
-33,6,-7
-35,6,-8
-36,6,-10
-37,7,-11
-38,8,-12
-39,9,-14
-40,10,-15
-41,11,-16
-41,12,-17
-41,14,-18
-41,16,-19
-41,17,-19
-41,19,-20
-41,20,-21
-41,21,-21
-41,23,-22
-41,24,-23
-41,25,-24
-41,26,-24
-40,28,-25
-40,29,-26
-40,30,-27
-40,31,-27
-39,32,-28
-39,33,-29
-39,35,-30
-39,36,-30
-38,37,-31
-38,38,-31
-37,39,-32
-37,40,-33
-37,41,-33
-36,43,-34
-36,44,-34
-35,45,-35
-35,46,-35
-35,47,-36
-34,49,-36
-34,50,-37
-34,51,-37
-33,52,-38
-33,53,-38
-32,55,-38
-32,56,-38
-32,57,-39
-33,6,-8
-36,7,-11
-38,8,-13
-40,10,-16
-41,13,-18
-20,-1,0
-20,0,0
-20,3,-1
-22,5,-2
-24,5,-3
-25,6,-3
-27,6,-4
-28,6,-5
-29,6,-6
-31,6,-7
-32,6,-8
-33,6,-9
-34,7,-10
-36,7,-12
-37,8,-13
-38,9,-14
-39,10,-16
-39,11,-17
-40,12,-18
-40,14,-19
-40,15,-19
-40,17,-20
-40,18,-21
-40,20,-22
-40,21,-22
-40,22,-23
-40,23,-24
-39,25,-25
-39,26,-25
-39,27,-26
-39,28,-27
-39,29,-27
-38,30,-28
-38,32,-29
-38,33,-29
-37,34,-30
-37,35,-31
-37,36,-31
-36,37,-32
-36,38,-32
-36,39,-33
-35,40,-33
-35,42,-34
-34,43,-34
-34,44,-35
-34,45,-35
-33,46,-36
-33,47,-36
-32,49,-37
-32,50,-37
-32,51,-38
-31,53,-38
-31,55,-39
-19,0,-2
-20,1,-2
-20,2,-2
-20,4,-2
-21,5,-3
-22,5,-3
-23,6,-4
-24,6,-4
-25,6,-5
-27,6,-6
-28,6,-7
-29,6,-8
-31,6,-9
-32,7,-10
-33,7,-11
-34,8,-12
-35,8,-14
-36,9,-15
-37,10,-16
-38,11,-17
-38,12,-18
-39,14,-19
-39,15,-20
-39,16,-21
-39,18,-22
-39,19,-22
-39,20,-23
-39,22,-24
-38,23,-25
-38,24,-25
-38,25,-26
-38,26,-27
-37,28,-27
-37,29,-28
-37,30,-29
-37,31,-29
-36,32,-30
-36,33,-31
-36,34,-31
-35,35,-32
-35,36,-32
-34,37,-33
-34,38,-33
-34,39,-34
-33,41,-34
-33,42,-35
-32,43,-35
-32,44,-36
-32,45,-36
-31,46,-37
-31,48,-37
-31,49,-37
-30,50,-38
-30,51,-38
-30,52,-38
-35,9,-15
-29,50,-38
-19,0,-3
-19,1,-3
-19,3,-3
-20,4,-4
-22,6,-4
-24,6,-6
-26,6,-7
-27,6,-8
-28,6,-9
-29,7,-10
-31,7,-11
-32,7,-12
-33,8,-13
-34,8,-14
-35,9,-16
-36,10,-17
-37,11,-18
-37,12,-19
-37,14,-20
-38,15,-21
-38,16,-22
-38,18,-23
-38,19,-23
-38,20,-24
-37,21,-25
-37,22,-25
-37,24,-26
-37,25,-27
-36,26,-27
-36,27,-28
-36,28,-29
-35,29,-29
-35,30,-30
-35,31,-30
-34,32,-31
-34,33,-31
-34,34,-32
-33,35,-32
-33,36,-33
-32,37,-33
-32,39,-34
-32,40,-34
-31,41,-35
-31,42,-35
-31,43,-36
-30,44,-36
-30,45,-37
-29,46,-37
-29,48,-37
-29,49,-38
-28,50,-38
-18,-1,-3
-18,-1,-5
-18,1,-5
-19,3,-5
-19,4,-5
-20,5,-5
-22,6,-6
-23,6,-7
-24,6,-7
-26,7,-8
-27,7,-9
-28,7,-10
-30,7,-11
-31,8,-13
-32,8,-14
-33,9,-15
-34,9,-16
-35,10,-17
-35,11,-19
-36,12,-20
-36,14,-21
-36,15,-22
-37,16,-22
-37,17,-23
-36,19,-24
-36,20,-25
-36,21,-25
-36,22,-26
-36,23,-27
-35,24,-27
-35,25,-28
-35,26,-29
-34,27,-29
-34,29,-30
-34,30,-30
-33,31,-31
-33,32,-31
-32,33,-32
-32,34,-32
-32,35,-33
-31,36,-33
-31,37,-34
-31,38,-34
-30,39,-35
-30,40,-35
-29,41,-35
-29,42,-36
-29,43,-36
-28,44,-37
-28,45,-37
-27,47,-37
-27,48,-38
-17,-1,-6
-18,3,-6
-27,45,-37
-16,-1,-7
-18,1,-6
-18,3,-6
-19,5,-6
-20,6,-7
-22,6,-7
-24,7,-9
-27,7,-11
-28,7,-12
-30,8,-13
-31,8,-14
-32,9,-16
-33,9,-17
-34,10,-18
-34,11,-19
-35,12,-20
-35,15,-22
-35,17,-24
-35,19,-25
-35,22,-27
-34,24,-28
-33,26,-29
-33,28,-30
-32,30,-31
-31,32,-32
-30,34,-33
-29,36,-34
-29,37,-34
-29,38,-35
-28,39,-35
-28,40,-35
-27,41,-36
-27,42,-36
-27,43,-37
-26,44,-37
-26,45,-37
-17,2,-8
-18,4,-8
-19,6,-8
-20,6,-8
-22,7,-9
-23,7,-10
-25,7,-10
-26,7,-11
-27,8,-13
-29,8,-14
-30,8,-15
-31,9,-16
-32,10,-17
-32,10,-19
-33,11,-20
-34,12,-21
-34,14,-22
-34,15,-23
-34,16,-24
-34,17,-25
-34,18,-25
-34,19,-26
-34,20,-27
-33,21,-28
-33,22,-28
-33,23,-29
-32,24,-29
-32,25,-30
-32,26,-30
-31,27,-31
-31,28,-31
-30,29,-32
-30,30,-32
-29,31,-33
-29,32,-33
-29,33,-33
-28,34,-34
-28,35,-34
-27,36,-34
-27,37,-35
-27,38,-35
-26,39,-36
-26,40,-36
-25,41,-36
-25,42,-37
-25,43,-37
-18,5,-8
-24,41,-37
-17,3,-9
-18,5,-9
-19,6,-9
-20,7,-9
-22,7,-10
-24,7,-11
-25,8,-12
-28,8,-14
-30,9,-17
-31,11,-19
-33,13,-21
-33,15,-23
-33,17,-25
-33,19,-27
-32,21,-28
-31,23,-29
-30,25,-30
-30,27,-31
-29,29,-32
-28,30,-33
-27,32,-34
-26,34,-34
-25,36,-35
-25,36,-35
-25,37,-36
-24,39,-36
-16,5,-10
-18,6,-10
-19,7,-10
-21,7,-11
-22,8,-12
-24,8,-13
-25,8,-14
-27,8,-15
-28,9,-16
-29,9,-17
-30,10,-18
-30,11,-20
-31,12,-21
-32,13,-22
-32,14,-23
-32,15,-24
-32,16,-25
-32,17,-26
-31,18,-27
-31,19,-27
-31,20,-28
-31,21,-29
-30,22,-29
-30,23,-30
-29,24,-30
-29,25,-31
-29,26,-31
-28,26,-32
-28,27,-32
-27,28,-33
-27,29,-33
-26,30,-33
-26,30,-34
-25,31,-34
-25,32,-34
-25,33,-35
-24,34,-35
-24,34,-35
-23,35,-35
-23,36,-36
-22,37,-36
-17,6,-11
-19,7,-11
-21,8,-12
-23,8,-13
-26,9,-15
-28,10,-18
-30,11,-20
-31,13,-22
-31,15,-25
-31,17,-26
-30,19,-28
-29,21,-29
-28,23,-30
-27,24,-31
-27,26,-32
-26,28,-33
-25,29,-34
-24,30,-34
-23,32,-35
-22,33,-35
-20,34,-36
-20,8,-13
-21,8,-14
-25,9,-16
-26,9,-17
-27,10,-18
-28,10,-19
-29,11,-21
-29,12,-22
-30,14,-24
-30,16,-26
-29,17,-27
-29,18,-28
-28,19,-28
-28,20,-29
-28,20,-30
-27,21,-30
-27,22,-31
-26,23,-31
-26,25,-32
-25,26,-33
-23,28,-34
-23,28,-34
-22,29,-34
-22,29,-34
-21,30,-35
-20,31,-35
-19,32,-35
-18,33,-36
-19,8,-14
-18,30,-35
-22,9,-15
-24,9,-16
-25,9,-17
-26,10,-19
-28,11,-21
-29,13,-24
-29,15,-26
-28,17,-27
-27,19,-29
-26,20,-30
-25,22,-31
-25,24,-32
-24,25,-33
-22,26,-33
-21,27,-34
-20,28,-34
-17,28,-34
-25,10,-19
-27,11,-20
-27,12,-22
-27,16,-27
-26,17,-28
-26,18,-28
-25,19,-29
-25,19,-30
-24,20,-30
-24,21,-31
-24,22,-31
-23,25,-33
-21,26,-33
-19,26,-34
-18,26,-34
-17,27,-34
-18,26,-33
-14,26,-33
-28,14,-25
-27,15,-26
-26,16,-27
-24,17,-28
-24,18,-29
-23,18,-29
-23,20,-30
-23,21,-31
-23,22,-32
-22,24,-33
-19,25,-33
-17,24,-33
-26,15,-26
-22,18,-29
