-35,91,37
-36,91,36
-37,91,36
-38,92,35
-38,93,35
-38,94,35
-38,96,35
-38,97,35
-38,98,34
-38,100,34
-39,101,34
-40,101,33
-41,101,32
-41,102,31
-36,89,36
-38,95,35
-39,97,34
-39,99,33
-33,87,38
-34,88,37
-35,87,37
-37,89,36
-37,89,36
-38,90,36
-39,91,35
-39,94,35
-39,95,34
-39,96,34
-39,97,34
-40,98,33
-40,99,33
-41,100,32
-42,101,31
-42,102,30
-43,103,30
-44,104,29
-43,106,29
-43,107,30
-33,86,38
-43,110,29
-31,84,38
-32,85,38
-33,85,38
-34,86,37
-35,86,37
-36,87,37
-37,87,36
-39,92,34
-39,93,34
-40,94,34
-40,95,34
-40,96,33
-41,97,33
-41,98,32
-41,99,32
-42,100,31
-42,101,30
-43,101,30
-44,102,29
-44,104,29
-44,105,28
-44,106,28
-44,107,28
-44,108,28
-43,110,28
-42,112,28
-41,97,32
-44,107,28
-44,110,28
-42,114,27
-30,80,39
-31,82,38
-32,83,38
-32,84,38
-33,84,37
-34,85,37
-36,86,36
-38,87,36
-39,89,35
-40,90,34
-40,92,34
-40,93,33
-41,94,33
-41,95,33
-41,96,32
-42,97,32
-42,98,31
-43,99,31
-43,100,30
-44,101,29
-44,102,29
-45,104,28
-45,106,28
-44,107,27
-44,109,27
-44,110,27
-43,111,27
-43,113,26
-42,115,26
-44,110,26
-44,111,26
-44,113,26
-28,79,39
-31,80,38
-31,81,38
-32,82,38
-33,83,37
-34,83,37
-35,84,37
-36,85,37
-36,85,36
-37,86,36
-38,87,35
-39,87,35
-40,89,34
-40,91,34
-41,91,33
-41,92,33
-41,93,33
-42,94,32
-42,95,32
-43,96,31
-43,97,31
-43,98,30
-44,99,30
-44,100,29
-44,101,29
-45,102,28
-45,103,28
-45,104,27
-45,105,27
-45,107,27
-45,108,26
-45,109,26
-45,110,26
-44,111,25
-44,112,25
-44,114,24
-44,115,24
-27,79,40
-46,108,26
-45,110,25
-45,112,24
-44,114,23
-26,78,40
-28,78,39
-29,78,39
-31,78,38
-32,80,38
-33,81,37
-34,82,37
-34,82,37
-35,83,37
-36,84,36
-37,84,36
-38,86,35
-40,87,35
-41,89,34
-41,91,33
-42,92,33
-42,93,32
-42,94,32
-43,95,31
-43,96,31
-44,96,30
-44,97,30
-44,98,29
-45,99,29
-45,100,28
-46,102,27
-46,104,26
-46,106,26
-46,107,26
-46,108,25
-46,109,25
-46,110,25
-45,111,24
-45,112,23
-45,113,23
-45,114,22
-45,115,22
-24,78,41
-26,77,40
-24,77,41
-26,77,40
-27,77,40
-28,77,39
-29,77,39
-30,77,38
-32,78,38
-33,79,38
-33,80,37
-34,81,37
-35,81,37
-36,82,37
-37,83,36
-37,84,36
-38,84,36
-39,85,35
-40,86,35
-40,87,34
-41,87,34
-41,88,34
-42,89,33
-42,90,33
-42,91,32
-43,92,32
-43,93,31
-44,94,31
-44,95,30
-44,96,30
-45,97,29
-45,98,29
-45,99,28
-46,100,28
-46,101,27
-46,102,27
-46,103,26
-46,104,26
-47,105,25
-47,106,25
-47,107,25
-47,108,24
-47,109,24
-46,110,23
-46,111,23
-46,112,22
-46,113,21
-46,114,21
-46,114,20
-45,115,19
-23,75,41
-26,76,40
-47,108,24
-47,110,23
-47,112,21
-46,115,19
-24,74,41
-25,75,41
-26,75,40
-27,75,40
-28,76,39
-30,76,39
-32,77,38
-33,78,37
-35,80,37
-35,81,37
-36,81,36
-37,82,36
-38,83,36
-39,84,35
-41,86,34
-42,87,33
-43,89,32
-43,90,32
-43,91,31
-44,92,31
-44,93,30
-44,94,30
-45,95,29
-45,96,29
-45,97,28
-46,98,28
-46,99,27
-46,100,27
-47,101,26
-47,102,26
-47,103,25
-47,104,25
-47,105,24
-47,106,24
-47,107,23
-47,108,23
-47,109,22
-47,110,22
-47,111,21
-47,112,21
-47,113,20
-47,113,19
-47,114,19
-46,115,18
-46,116,17
-47,115,17
-46,117,17
-23,72,42
-24,73,41
-25,73,41
-26,74,40
-27,74,40
-28,74,40
-29,75,39
-29,75,39
-30,75,38
-31,76,38
-32,76,38
-33,77,37
-34,78,37
-34,78,37
-35,79,37
-36,80,36
-37,80,36
-38,81,36
-38,82,36
-39,83,35
-40,83,35
-41,84,35
-41,85,34
-42,86,34
-42,87,33
-43,88,33
-43,88,32
-44,89,32
-44,90,31
-44,91,30
-45,92,30
-45,93,29
-45,94,29
-46,95,28
-46,96,28
-46,97,27
-47,98,27
-47,99,26
-47,100,26
-47,101,25
-48,102,25
-48,103,24
-48,104,24
-48,105,23
-48,106,23
-48,107,22
-48,108,22
-48,109,21
-48,110,21
-48,111,20
-48,112,19
-48,113,19
-47,113,18
-47,114,17
-47,115,17
-46,117,16
-24,72,41
-26,73,41
-48,106,22
-48,108,21
-48,110,20
-23,70,42
-24,71,41
-25,71,41
-26,72,41
-26,72,40
-27,73,40
-28,73,39
-29,74,39
-31,75,38
-32,76,37
-34,77,37
-36,78,36
-36,79,36
-37,80,36
-38,80,36
-39,81,35
-40,82,35
-41,83,35
-41,83,34
-42,84,34
-43,85,33
-43,86,33
-44,87,32
-44,88,32
-44,89,31
-45,89,31
-45,90,30
-45,91,29
-46,92,29
-46,93,28
-46,94,28
-47,95,27
-47,96,27
-47,97,26
-47,98,25
-48,99,25
-48,100,24
-48,101,24
-48,102,23
-49,103,23
-49,104,22
-49,105,22
-49,106,21
-49,107,21
-49,108,20
-49,109,20
-49,110,19
-49,111,19
-48,112,18
-48,113,17
-48,113,17
-48,114,16
-47,116,15
-47,117,14
-23,68,42
-24,69,42
-25,69,41
-26,70,41
-26,71,41
-27,71,40
-28,72,40
-29,72,39
-30,73,39
-30,73,38
-31,74,38
-32,74,38
-33,75,37
-34,76,37
-34,76,37
-35,77,36
-36,77,36
-37,78,36
-38,79,36
-39,79,35
-40,80,35
-40,81,35
-41,82,35
-42,82,34
-43,83,34
-43,84,33
-44,85,33
-44,86,32
-45,87,32
-45,88,31
-45,89,30
-46,90,30
-46,90,29
-46,91,28
-47,92,28
-47,93,27
-47,94,27
-47,95,26
-48,96,25
-48,97,25
-48,98,24
-48,99,24
-49,100,23
-49,101,23
-49,102,22
-49,103,22
-49,104,21
-49,105,21
-49,106,20
-50,107,20
-49,108,19
-49,109,18
-49,110,18
-49,111,17
-49,112,17
-49,113,16
-49,113,15
-49,114,15
-48,115,14
-48,116,14
-48,116,13
-24,68,42
-26,69,41
-50,108,18
-50,110,17
-49,112,16
-49,115,13
-48,116,12
-23,65,42
-25,67,42
-25,68,41
-26,68,41
-26,69,41
-27,70,40
-28,70,40
-29,71,40
-29,71,39
-30,72,39
-32,73,38
-33,74,37
-35,75,36
-36,77,36
-37,77,35
-38,78,35
-39,79,35
-40,79,35
-41,80,35
-42,81,34
-42,82,34
-43,82,34
-44,83,33
-44,84,32
-45,85,32
-45,86,31
-46,87,31
-46,88,30
-46,89,29
-47,90,29
-47,91,28
-47,92,27
-47,92,27
-48,93,26
-48,94,25
-48,95,25
-48,96,24
-49,97,24
-49,98,23
-49,99,23
-49,100,22
-50,101,21
-50,102,21
-50,103,20
-50,104,20
-50,105,19
-50,106,19
-50,107,18
-50,108,18
-50,109,17
-50,110,16
-50,111,16
-50,112,15
-50,112,14
-49,113,14
-49,114,13
-49,115,12
-49,115,12
-48,116,11
-22,64,43
-22,64,43
-25,65,42
-25,66,42
-26,67,41
-27,67,41
-27,68,41
-28,69,40
-29,69,40
-29,70,39
-30,70,39
-31,71,39
-32,72,38
-32,72,37
-33,73,37
-34,73,36
-34,74,36
-35,75,36
-36,75,35
-37,76,35
-38,76,35
-39,77,35
-39,78,35
-40,78,34
-41,79,34
-42,80,34
-43,81,33
-44,82,33
-44,82,33
-45,83,32
-46,84,32
-46,85,31
-46,86,30
-47,87,30
-47,88,29
-47,89,28
-48,90,27
-48,91,27
-48,92,26
-48,93,25
-48,94,25
-49,94,24
-49,95,24
-49,96,23
-49,97,22
-50,98,22
-50,99,21
-50,100,21
-50,101,20
-50,102,20
-51,103,19
-51,104,18
-51,105,18
-51,106,17
-51,107,17
-51,108,16
-51,109,15
-50,110,15
-50,111,14
-50,112,13
-50,112,13
-50,113,12
-50,114,11
-49,115,11
-49,115,10
-49,116,9
-22,63,43
-25,64,42
-51,104,18
-51,106,17
-51,108,15
-51,110,14
-51,112,13
-50,113,11
-50,115,10
-49,116,8
-23,63,43
-24,63,42
-25,64,42
-26,65,42
-27,66,41
-28,67,41
-29,68,40
-29,68,40
-30,69,39
-31,70,39
-31,70,38
-33,71,37
-34,72,36
-35,74,35
-37,75,35
-38,76,34
-39,76,34
-40,77,34
-41,78,34
-42,78,33
-42,79,33
-43,80,33
-44,81,33
-45,81,32
-46,82,32
-46,83,31
-47,84,31
-47,85,30
-48,86,29
-48,87,28
-48,88,28
-48,89,27
-48,90,26
-49,91,25
-49,92,25
-49,93,24
-49,94,24
-49,95,23
-50,96,22
-50,97,22
-50,98,21
-50,99,21
-50,100,20
-51,100,19
-51,101,19
-51,102,18
-51,103,18
-51,104,17
-51,105,16
-51,106,16
-51,107,15
-51,108,15
-51,109,14
-51,110,13
-51,111,13
-51,112,12
-51,112,11
-50,113,10
-50,114,10
-50,115,9
-50,116,8
-49,117,7
-24,62,42
-49,117,6
-26,64,42
-27,64,41
-27,65,41
-28,66,41
-29,66,40
-29,67,40
-30,67,40
-31,68,39
-31,69,39
-32,69,38
-33,70,38
-33,70,37
-34,71,36
-34,72,36
-35,72,35
-36,73,35
-36,74,34
-37,74,34
-38,75,34
-39,75,33
-40,76,33
-41,77,33
-42,77,33
-43,78,33
-44,79,32
-44,80,32
-45,81,31
-46,81,31
-47,82,30
-47,83,30
-48,84,29
-48,85,29
-48,86,28
-49,87,27
-49,88,26
-49,89,26
-49,90,25
-49,91,24
-50,92,24
-50,93,23
-50,94,22
-50,95,22
-50,96,21
-50,97,20
-51,98,20
-51,99,19
-51,100,19
-51,101,18
-51,102,17
-52,103,17
-52,104,16
-52,104,16
-52,105,15
-52,106,14
-52,107,14
-52,108,13
-52,109,12
-51,110,12
-51,111,11
-51,112,10
-51,113,9
-51,113,9
-51,114,8
-50,115,7
-50,116,6
-50,117,5
-46,81,30
-48,83,29
-49,85,28
-52,103,16
-52,104,15
-52,106,14
-52,108,12
-52,110,11
-51,112,9
-51,113,8
-50,115,6
-23,61,43
-26,62,42
-27,63,41
-29,65,41
-30,66,40
-31,67,40
-31,67,39
-32,68,39
-33,68,38
-34,70,37
-35,71,35
-36,72,34
-38,73,33
-38,74,33
-39,75,33
-40,75,33
-41,76,32
-42,77,32
-43,77,32
-44,78,31
-45,79,31
-45,80,31
-46,81,30
-47,81,30
-47,82,29
-48,83,29
-49,84,28
-49,85,27
-49,86,27
-49,87,26
-50,88,25
-50,89,24
-50,90,24
-50,91,23
-50,92,22
-50,93,22
-51,94,21
-51,95,20
-51,96,20
-51,97,19
-51,98,18
-52,99,18
-52,100,17
-52,101,17
-52,102,16
-52,103,15
-52,104,15
-52,105,14
-52,105,13
-52,106,13
-52,107,12
-52,108,11
-52,109,11
-52,110,10
-52,111,9
-52,112,8
-51,113,8
-51,113,7
-51,114,6
-51,115,5
-50,116,4
-50,116,3
-50,117,2
-21,61,43
-23,61,43
-26,61,42
-27,62,42
-28,63,41
-28,63,41
-29,64,41
-30,64,40
-31,65,40
-31,66,39
-32,66,39
-33,67,38
-33,67,38
-34,68,37
-34,69,36
-35,69,36
-35,70,35
-36,71,34
-36,71,34
-37,72,33
-38,73,33
-39,73,32
-39,74,32
-40,75,32
-41,75,31
-42,76,31
-43,76,31
-44,77,31
-45,78,30
-46,79,30
-46,80,29
-47,81,29
-48,81,28
-48,82,28
-49,83,27
-49,84,27
-50,85,26
-50,86,25
-50,87,24
-50,88,24
-50,89,23
-51,90,22
-51,91,22
-51,92,21
-51,93,20
-51,94,20
-51,95,19
-52,96,18
-52,97,18
-52,98,17
-52,99,16
-52,100,16
-52,101,15
-52,102,15
-53,103,14
-53,104,13
-53,105,13
-53,105,12
-53,106,11
-53,107,10
-52,108,10
-52,109,9
-52,110,8
-52,111,7
-52,112,7
-52,113,6
-51,113,5
-51,114,4
-51,115,3
-50,116,2
-50,117,1
-20,60,43
-47,80,29
-48,82,28
-49,83,26
-50,85,25
-52,99,16
-53,101,14
-53,103,13
-53,105,12
-53,106,10
-53,108,9
-52,110,7
-52,112,6
-51,114,4
-51,115,2
-50,117,0
-19,60,44
-22,60,43
-23,59,43
-25,60,42
-27,61,42
-28,62,41
-30,63,41
-31,64,40
-32,65,39
-33,65,39
-33,66,38
-34,67,38
-34,67,37
-35,68,36
-35,68,36
-36,69,35
-36,70,34
-37,70,33
-37,71,33
-38,72,32
-39,72,32
-40,73,31
-40,74,31
-41,74,31
-42,75,30
-43,76,30
-44,76,30
-45,77,29
-46,78,29
-47,79,29
-47,80,28
-48,81,28
-48,82,27
-49,82,26
-49,83,26
-50,84,25
-50,85,24
-51,86,24
-51,87,23
-51,88,22
-51,89,22
-51,90,21
-51,91,20
-52,92,20
-52,93,19
-52,94,18
-52,95,18
-52,96,17
-52,97,16
-53,98,16
-53,99,15
-53,100,14
-53,101,14
-53,102,13
-53,103,12
-53,104,12
-53,105,11
-53,105,10
-53,106,10
-53,107,9
-53,108,8
-53,109,7
-52,110,6
-52,111,6
-52,112,5
-52,113,4
-51,114,3
-51,114,2
-51,115,1
-50,116,0
-49,117,0
-19,60,44
-49,117,-1
-20,59,43
-22,58,43
-23,58,43
-25,59,42
-26,59,42
-28,60,41
-29,61,41
-30,61,41
-30,62,40
-31,63,40
-32,63,40
-32,64,39
-33,64,39
-34,65,38
-34,66,37
-35,66,37
-36,67,36
-36,68,35
-36,68,35
-37,69,34
-37,69,33
-38,70,32
-38,71,32
-39,72,31
-40,72,30
-40,73,30
-41,74,30
-42,74,29
-43,75,29
-44,76,29
-45,76,29
-46,77,28
-47,78,28
-47,79,27
-48,80,27
-49,81,26
-49,82,26
-49,83,25
-50,84,24
-50,84,24
-51,85,23
-51,86,22
-51,87,22
-52,88,21
-52,89,20
-52,90,20
-52,91,19
-52,92,18
-52,93,18
-53,94,17
-53,95,16
-53,96,16
-53,97,15
-53,98,14
-53,99,14
-53,100,13
-53,101,12
-53,102,11
-53,103,11
-53,104,10
-53,105,9
-53,106,9
-53,106,8
-53,107,7
-53,108,6
-53,109,5
-53,110,5
-52,111,4
-52,112,3
-52,113,2
-51,114,1
-51,115,0
-51,115,0
-50,116,-1
-49,117,-2
-21,58,43
-48,80,26
-49,82,25
-53,97,14
-53,99,13
-53,101,11
-54,103,10
-54,105,9
-53,106,7
-53,108,5
-53,110,4
-52,112,2
-51,114,0
-50,116,-1
-20,57,43
-21,57,43
-22,57,43
-24,57,43
-26,58,42
-28,59,42
-29,60,41
-31,61,40
-32,62,40
-32,62,40
-33,63,39
-34,64,39
-34,64,38
-35,65,37
-36,65,37
-36,66,36
-37,67,35
-37,67,34
-38,68,34
-38,69,33
-38,69,32
-39,70,31
-39,71,31
-40,71,30
-41,72,29
-42,73,29
-42,74,29
-43,74,28
-44,75,28
-45,76,28
-46,76,27
-47,77,27
-47,78,26
-48,79,26
-49,80,25
-49,81,25
-50,82,24
-50,83,23
-50,84,23
-51,85,22
-51,85,22
-52,86,21
-52,87,20
-52,88,20
-52,89,19
-52,90,18
-53,91,18
-53,92,17
-53,93,16
-53,94,15
-53,95,15
-53,96,14
-53,97,13
-53,98,13
-54,99,12
-54,100,11
-54,101,11
-54,102,10
-54,103,9
-54,104,8
-54,105,8
-54,106,7
-53,106,6
-53,107,5
-53,108,5
-53,109,4
-53,110,3
-53,111,2
-52,112,1
-52,113,0
-51,114,0
-51,115,-1
-50,116,-2
-50,116,-3
-49,117,-4
-49,117,-5
-18,56,44
-20,56,43
-21,56,43
-23,56,43
-24,56,42
-25,57,42
-26,57,42
-27,57,42
-28,58,41
-29,58,41
-30,59,41
-31,59,41
-31,60,40
-32,61,40
-33,61,39
-34,62,39
-34,63,38
-35,63,38
-36,64,37
-36,64,37
-37,65,36
-37,66,35
-38,66,34
-38,67,33
-39,68,33
-39,68,32
-39,69,31
-40,70,30
-40,70,29
-41,71,29
-42,72,28
-43,73,28
-44,73,28
-44,74,27
-45,75,27
-46,75,27
-47,76,26
-48,77,26
-48,78,25
-49,79,24
-49,80,24
-50,81,23
-50,82,23
-50,83,22
-51,84,21
-51,85,21
-52,86,20
-52,86,19
-52,87,19
-53,88,18
-53,89,17
-53,90,17
-53,91,16
-53,92,15
-54,93,15
-54,94,14
-54,95,13
-54,96,13
-54,97,12
-54,98,11
-54,99,10
-54,100,10
-54,101,9
-54,102,8
-54,103,8
-54,104,7
-54,105,6
-54,106,5
-54,106,4
-53,107,4
-53,108,3
-53,109,2
-53,110,1
-53,111,0
-52,112,0
-52,113,-1
-51,114,-2
-51,115,-3
-50,116,-4
-49,116,-5
-19,55,43
-22,56,43
-49,80,23
-53,91,15
-54,93,14
-54,95,13
-54,97,11
-54,99,10
-54,101,8
-54,103,7
-54,105,5
-54,106,4
-53,108,2
-53,110,0
-52,112,-1
-51,114,-3
-50,116,-5
-17,55,44
-19,55,43
-20,55,43
-22,55,43
-23,55,42
-24,55,42
-25,56,42
-26,56,42
-27,56,42
-28,57,41
-29,57,41
-30,58,41
-31,58,40
-32,59,40
-33,60,40
-34,60,39
-34,61,39
-35,62,38
-36,62,38
-36,63,37
-37,64,36
-38,64,36
-38,65,35
-38,65,34
-39,66,33
-39,67,32
-40,67,32
-40,68,31
-41,69,30
-41,69,29
-42,70,29
-42,71,28
-43,72,27
-44,72,27
-45,73,27
-45,74,26
-46,75,26
-47,75,25
-48,76,25
-48,77,24
-49,78,24
-49,79,23
-49,80,22
-50,81,22
-50,82,21
-50,83,20
-51,84,20
-51,85,19
-52,86,19
-52,87,18
-53,87,17
-53,88,17
-53,89,16
-54,90,15
-54,91,15
-54,92,14
-54,93,13
-54,94,13
-54,95,12
-54,96,11
-54,97,10
-54,98,10
-54,99,9
-54,100,8
-54,101,7
-54,102,7
-54,103,6
-54,104,5
-54,105,4
-54,106,4
-54,106,3
-54,107,2
-53,108,1
-53,109,0
-53,110,0
-53,111,-1
-52,112,-2
-52,113,-3
-51,114,-4
-50,115,-5
-50,116,-6
-49,117,-7
-16,54,44
-18,54,43
-49,116,-7
-48,117,-8
-18,53,43
-20,53,43
-21,53,43
-22,54,42
-23,54,42
-24,54,42
-26,55,42
-27,55,42
-28,55,41
-29,56,41
-30,56,41
-31,57,41
-31,57,40
-32,58,40
-33,59,40
-34,59,39
-35,60,39
-36,61,38
-36,61,38
-37,62,37
-38,63,36
-38,63,36
-39,64,35
-39,65,34
-40,65,33
-40,66,32
-40,66,31
-41,67,30
-41,68,30
-42,69,29
-42,69,28
-43,70,28
-44,71,27
-44,72,26
-45,72,26
-46,73,26
-46,74,25
-47,75,25
-48,75,24
-48,76,23
-49,77,23
-49,78,22
-49,79,21
-50,80,21
-50,81,20
-50,82,19
-51,83,19
-51,84,18
-52,85,18
-52,86,17
-53,87,16
-53,87,16
-54,88,15
-54,89,15
-54,90,14
-54,91,13
-54,92,12
-54,93,12
-55,94,11
-55,95,10
-55,96,10
-55,97,9
-55,98,8
-55,99,7
-55,100,7
-55,101,6
-54,102,5
-54,103,4
-54,104,3
-54,105,3
-54,106,2
-54,107,1
-54,107,0
-53,108,0
-53,109,-1
-53,110,-2
-52,111,-2
-52,112,-3
-51,113,-4
-51,114,-5
-50,115,-6
-49,116,-7
-48,117,-9
-17,52,43
-20,53,43
-23,53,42
-49,76,23
-49,78,21
-50,80,20
-50,82,19
-51,84,17
-53,86,16
-54,88,15
-54,89,14
-54,91,12
-55,93,11
-55,95,10
-55,97,8
-55,99,7
-55,101,5
-54,103,3
-54,105,2
-54,107,0
-53,108,-1
-53,110,-2
-52,112,-4
-50,114,-6
-49,116,-8
-17,51,43
-19,52,43
-20,52,42
-21,52,42
-23,53,42
-24,53,42
-25,53,42
-26,54,42
-27,54,41
-28,54,41
-29,55,41
-30,55,41
-31,56,40
-32,56,40
-33,57,40
-34,58,39
-35,58,39
-35,59,38
-36,60,38
-37,60,37
-38,61,37
-38,62,36
-39,62,35
-39,63,35
-40,64,34
-40,64,33
-41,65,32
-41,66,31
-41,66,30
-42,67,29
-42,68,29
-43,68,28
-43,69,27
-44,70,27
-45,71,26
-45,71,25
-46,72,25
-47,73,24
-47,74,24
-48,74,23
-48,75,22
-49,76,22
-49,77,21
-49,78,20
-49,79,20
-50,80,19
-50,81,18
-50,82,18
-51,83,17
-52,84,17
-52,85,16
-53,86,16
-53,87,15
-54,88,14
-54,89,14
-54,89,13
-55,90,12
-55,91,12
-55,92,11
-55,93,10
-55,94,9
-55,95,9
-55,96,8
-55,97,7
-55,98,7
-55,99,6
-55,100,5
-55,101,4
-55,102,3
-54,103,3
-54,104,2
-54,105,1
-54,106,0
-54,107,0
-54,107,-1
-53,108,-2
-53,109,-2
-53,110,-3
-52,111,-4
-52,112,-5
-51,113,-6
-50,114,-7
-49,115,-8
-48,116,-9
-47,118,-10
-18,50,43
-20,51,42
-50,114,-8
-48,116,-10
-18,50,42
-19,50,42
-20,50,42
-21,51,42
-22,51,42
-23,51,42
-24,52,42
-25,52,41
-26,52,41
-27,53,41
-28,53,41
-29,54,41
-30,54,40
-31,55,40
-32,55,40
-33,56,39
-34,57,39
-35,57,39
-36,58,38
-37,59,38
-38,59,37
-38,60,37
-39,61,36
-40,61,35
-40,62,34
-41,63,34
-41,63,33
-41,64,32
-42,65,31
-42,65,30
-42,66,29
-43,67,28
-43,67,28
-44,68,27
-45,69,26
-45,70,26
-45,70,25
-46,71,24
-47,72,24
-47,73,23
-48,74,22
-48,74,22
-49,75,21
-49,76,20
-49,77,19
-49,79,19
-49,80,18
-50,81,18
-50,82,17
-50,83,16
-51,83,16
-52,84,15
-53,85,15
-53,86,14
-54,87,13
-54,88,13
-54,89,12
-55,90,12
-55,90,11
-55,91,10
-55,92,9
-55,93,9
-55,94,8
-55,95,7
-55,96,6
-55,97,6
-55,98,5
-55,99,4
-55,100,3
-55,101,3
-55,102,2
-54,103,1
-54,104,0
-54,105,0
-54,106,-1
-54,106,-1
-54,107,-2
-53,108,-3
-53,109,-4
-52,110,-5
-52,111,-6
-51,112,-7
-51,113,-8
-50,114,-9
-49,115,-10
-48,116,-11
-20,49,42
-22,50,42
-24,51,41
-39,60,36
-40,61,35
-48,73,22
-48,74,21
-49,77,19
-49,79,18
-49,81,17
-51,83,16
-52,84,14
-54,86,13
-55,90,11
-55,91,9
-55,93,8
-55,95,6
-55,97,5
-55,99,3
-55,101,2
-54,103,0
-54,105,-1
-54,106,-2
-53,108,-4
-52,110,-6
-51,112,-8
-49,114,-10
-47,116,-12
-19,48,42
-20,49,42
-21,49,42
-22,49,42
-23,50,41
-24,50,41
-25,50,41
-26,51,41
-27,51,41
-28,52,41
-29,52,40
-30,53,40
-31,53,40
-32,54,40
-33,54,40
-34,55,39
-35,55,39
-36,56,38
-36,57,38
-37,57,37
-38,58,37
-39,59,36
-40,60,36
-40,60,35
-41,61,34
-41,62,33
-42,62,32
-42,63,32
-43,64,31
-43,64,30
-43,65,29
-43,66,28
-44,66,27
-44,67,26
-45,68,26
-45,69,25
-46,69,24
-46,70,24
-47,71,23
-47,72,22
-48,73,22
-48,74,21
-49,75,20
-49,76,19
-49,77,19
-49,78,18
-49,79,17
-49,80,17
-49,81,16
-50,82,15
-51,83,15
-52,83,14
-52,84,14
-53,85,13
-54,86,13
-54,87,12
-55,88,11
-55,89,11
-55,90,10
-55,91,9
-55,91,9
-55,92,8
-55,93,7
-55,94,6
-55,95,6
-55,96,5
-55,97,4
-55,98,3
-55,99,3
-55,100,2
-55,101,1
-55,102,0
-54,103,0
-54,104,-1
-54,105,-1
-54,106,-2
-54,106,-3
-53,107,-4
-53,108,-5
-53,109,-6
-52,110,-7
-51,111,-8
-51,112,-9
-50,113,-10
-49,114,-11
-48,115,-12
-47,116,-13
-49,114,-12
-19,46,41
-20,47,41
-20,47,41
-21,48,41
-22,48,41
-23,48,41
-24,49,41
-25,49,41
-26,50,41
-27,50,40
-28,51,40
-29,51,40
-30,52,40
-31,52,40
-32,53,39
-33,53,39
-34,54,39
-35,54,38
-36,55,38
-37,56,38
-38,56,37
-39,57,37
-39,58,36
-40,58,35
-41,59,35
-41,60,34
-42,61,33
-42,61,32
-43,62,31
-43,63,30
-43,63,29
-44,64,28
-44,65,27
-44,65,27
-45,66,26
-45,67,25
-46,68,24
-46,68,24
-46,69,23
-47,70,22
-47,71,21
-48,72,21
-48,73,20
-48,74,19
-48,75,18
-49,76,18
-49,77,17
-49,78,16
-49,79,16
-49,80,15
-49,81,14
-50,82,14
-51,83,13
-52,83,13
-53,84,12
-54,85,12
-54,86,11
-55,87,10
-55,88,10
-55,89,9
-55,90,8
-56,91,8
-56,91,7
-56,92,6
-56,93,6
-56,94,5
-55,95,4
-55,96,3
-55,97,2
-55,98,2
-55,99,1
-55,100,0
-55,101,0
-55,102,-1
-54,103,-1
-54,104,-2
-54,105,-3
-54,105,-4
-53,106,-5
-53,107,-6
-53,108,-7
-52,109,-8
-52,110,-9
-51,111,-10
-50,112,-10
-49,113,-11
-48,114,-13
-47,115,-14
-31,51,40
-35,54,38
-37,55,38
-38,56,37
-40,58,35
-41,59,34
-43,60,32
-43,62,31
-47,71,21
-48,73,19
-48,75,17
-48,77,16
-48,79,15
-50,81,13
-51,83,12
-53,84,11
-56,93,5
-55,95,3
-55,97,2
-55,99,0
-55,101,-1
-54,103,-2
-54,104,-4
-53,106,-6
-53,108,-8
-51,110,-9
-50,112,-11
-48,114,-13
-47,115,-15
-19,45,41
-20,46,41
-21,46,41
-22,46,41
-23,47,41
-24,47,41
-25,48,40
-26,48,40
-27,49,40
-28,49,40
-29,49,40
-30,50,40
-31,50,40
-32,51,39
-33,51,39
-34,52,39
-35,53,38
-36,53,38
-36,54,38
-37,55,37
-38,55,37
-39,56,36
-40,57,36
-41,57,35
-41,58,34
-42,59,34
-43,60,33
-43,60,32
-44,61,31
-44,62,30
-44,62,29
-44,63,28
-44,64,27
-45,64,26
-45,65,25
-45,66,25
-46,67,24
-46,67,23
-47,68,22
-47,69,21
-47,70,21
-47,71,20
-48,72,19
-48,73,18
-48,74,17
-48,75,17
-48,76,16
-48,77,15
-48,78,15
-48,80,14
-49,81,13
-50,81,13
-51,82,12
-52,83,12
-53,83,11
-53,84,11
-54,85,10
-55,86,10
-55,87,9
-55,88,8
-56,89,8
-56,90,7
-56,91,6
-56,91,5
-56,92,5
-56,93,4
-56,94,3
-55,95,2
-55,96,2
-55,97,1
-55,98,0
-55,99,0
-55,100,-1
-55,101,-1
-54,102,-2
-54,103,-3
-54,104,-4
-54,104,-5
-54,105,-6
-53,106,-7
-53,107,-7
-52,108,-8
-52,109,-9
-51,110,-10
-50,111,-11
-50,112,-12
-49,113,-13
-48,114,-14
-47,115,-15
-48,75,16
-48,77,14
-48,80,13
-49,112,-13
-47,114,-15
-19,43,41
-19,44,41
-20,44,41
-21,45,41
-22,45,40
-23,46,40
-24,46,40
-25,47,40
-26,47,40
-27,47,40
-28,48,40
-29,48,40
-30,49,39
-31,49,39
-32,50,39
-33,50,39
-34,51,38
-35,52,38
-36,52,38
-37,53,37
-38,53,37
-39,54,36
-40,55,36
-40,56,35
-41,56,35
-42,57,34
-43,58,33
-43,59,32
-44,59,31
-44,60,31
-45,61,30
-45,61,29
-45,62,28
-45,63,27
-45,64,26
-45,64,25
-46,65,24
-46,66,23
-46,66,22
-47,67,22
-47,68,21
-47,69,20
-47,70,19
-47,71,18
-48,72,17
-48,73,16
-48,74,16
-47,75,15
-47,76,14
-47,78,14
-48,79,13
-48,80,12
-49,81,12
-50,81,11
-51,82,11
-52,83,10
-53,83,10
-54,84,9
-54,85,9
-55,86,8
-55,87,7
-56,88,7
-56,89,6
-56,90,5
-56,91,5
-56,91,4
-56,92,3
-56,93,2
-56,94,2
-56,95,1
-55,96,0
-55,97,0
-55,98,-1
-55,99,-1
-55,100,-2
-54,101,-3
-54,102,-4
-54,103,-5
-54,103,-6
-54,104,-6
-53,105,-7
-53,106,-8
-52,107,-9
-52,108,-10
-51,109,-11
-51,110,-12
-50,111,-13
-49,112,-14
-48,113,-15
-47,114,-16
-32,49,39
-34,50,38
-36,51,38
-38,53,37
-39,54,36
-41,55,35
-43,57,33
-44,58,32
-45,60,30
-45,61,28
-47,67,21
-47,69,19
-47,71,17
-47,73,16
-47,75,14
-47,78,13
-49,80,11
-51,81,10
-53,83,9
-56,93,2
-56,95,0
-55,97,-1
-55,99,-2
-54,101,-4
-54,102,-6
-53,104,-7
-53,106,-9
-52,108,-11
-50,110,-13
-49,112,-14
-47,113,-16
-19,42,41
-20,43,40
-20,43,40
-21,43,40
-22,44,40
-23,44,40
-24,45,40
-25,45,40
-26,46,40
-27,46,39
-28,47,39
-29,47,39
-30,48,39
-31,48,39
-32,49,38
-33,49,38
-34,50,38
-35,50,38
-36,51,37
-37,52,37
-38,52,36
-39,53,36
-40,54,35
-41,54,35
-42,55,34
-42,56,33
-43,57,33
-44,57,32
-44,58,31
-45,59,30
-45,60,29
-45,60,28
-46,61,27
-46,62,26
-46,63,25
-46,63,24
-46,64,23
-46,65,23
-46,66,22
-47,66,21
-47,67,20
-47,68,19
-47,69,18
-47,70,17
-47,71,17
-47,72,16
-47,73,15
-47,74,14
-47,75,13
-47,77,12
-47,78,12
-48,79,11
-49,80,10
-50,81,10
-51,81,10
-52,82,9
-53,83,9
-54,83,8
-54,84,8
-55,85,7
-55,86,7
-56,87,6
-56,88,5
-56,89,5
-56,90,4
-56,91,3
-56,91,2
-56,92,2
-56,93,1
-56,94,0
-56,95,0
-55,96,-1
-55,97,-1
-55,98,-2
-55,99,-3
-55,100,-4
-54,101,-5
-54,101,-6
-54,102,-6
-54,103,-7
-53,104,-8
-53,105,-9
-53,106,-10
-52,107,-11
-52,108,-12
-51,109,-12
-50,110,-13
-49,111,-14
-49,112,-15
-48,113,-16
-47,113,-17
-18,42,41
-46,73,14
-46,74,13
-46,76,12
-47,78,11
-49,80,10
-17,41,40
-19,41,40
-20,41,40
-21,42,40
-22,42,40
-23,43,40
-24,43,40
-25,44,40
-26,44,39
-27,45,39
-28,45,39
-29,45,39
-30,46,39
-31,46,39
-32,47,38
-33,48,38
-34,48,38
-35,49,37
-36,49,37
-37,50,37
-38,50,36
-39,51,36
-40,52,35
-40,53,35
-41,53,34
-42,54,34
-43,55,33
-44,56,32
-44,56,31
-45,57,31
-45,58,30
-46,59,29
-46,59,28
-46,60,27
-46,61,26
-47,62,25
-47,62,24
-47,63,23
-47,64,22
-47,64,21
-47,65,20
-47,66,19
-47,67,18
-47,68,17
-47,69,17
-47,70,16
-47,71,15
-46,72,14
-46,73,13
-46,74,12
-46,76,11
-47,77,10
-48,78,10
-49,79,9
-50,80,9
-51,81,9
-52,81,8
-53,82,8
-54,83,7
-54,83,7
-55,84,6
-55,85,6
-56,86,5
-56,87,4
-56,88,4
-56,89,3
-56,90,2
-56,91,2
-56,91,1
-56,92,0
-56,93,0
-56,94,-1
-55,95,-1
-55,96,-2
-55,97,-3
-55,98,-4
-55,99,-5
-54,100,-5
-54,100,-6
-54,101,-7
-54,102,-8
-53,103,-9
-53,104,-10
-53,105,-11
-52,106,-11
-52,107,-12
-51,108,-13
-50,109,-14
-50,110,-15
-49,111,-16
-48,111,-17
-47,113,-18
-18,40,40
-28,45,39
-30,46,38
-32,47,38
-34,48,37
-36,49,37
-38,50,36
-40,52,35
-42,53,34
-43,55,32
-45,56,31
-46,58,29
-46,59,27
-47,61,25
-47,62,23
-47,64,21
-47,65,19
-47,67,18
-47,69,16
-46,71,14
-46,73,12
-46,76,10
-48,78,9
-50,80,8
-52,81,8
-56,93,-1
-55,95,-2
-55,97,-4
-55,99,-5
-54,100,-7
-53,102,-9
-53,104,-10
-52,106,-12
-51,108,-14
-49,110,-15
-48,111,-17
-46,113,-19
-18,39,40
-19,40,40
-20,40,40
-21,41,40
-22,41,40
-23,41,39
-24,42,39
-25,42,39
-26,43,39
-27,43,39
-28,44,39
-29,44,38
-30,45,38
-31,45,38
-32,46,38
-33,46,38
-34,47,37
-35,47,37
-36,48,37
-37,49,36
-38,49,36
-39,50,35
-40,51,35
-41,51,34
-42,52,34
-42,53,33
-43,54,32
-44,54,32
-45,55,31
-45,56,30
-46,57,29
-46,58,28
-47,58,27
-47,59,26
-47,60,25
-47,61,24
-47,61,23
-47,62,22
-47,63,21
-47,63,20
-47,64,20
-47,65,19
-47,66,18
-47,67,17
-47,68,16
-47,69,15
-46,70,14
-46,71,13
-45,72,12
-46,73,11
-46,75,10
-47,76,9
-48,77,9
-49,78,8
-50,79,8
-51,80,8
-52,80,7
-53,81,7
-54,82,7
-54,83,6
-55,83,6
-55,84,5
-56,85,4
-56,86,4
-56,87,3
-56,88,2
-56,89,2
-56,90,1
-56,90,0
-56,91,0
-56,92,-1
-56,93,-1
-56,94,-2
-55,95,-3
-55,96,-4
-55,97,-5
-55,98,-5
-54,99,-6
-54,99,-7
-54,100,-8
-54,101,-9
-53,102,-10
-53,103,-10
-53,104,-11
-52,105,-12
-52,106,-13
-51,107,-14
-51,108,-15
-50,109,-15
-49,109,-16
-48,110,-17
-47,111,-18
-45,113,-20
-47,69,14
-46,71,12
-45,72,11
-46,73,10
-46,75,9
-47,76,8
-47,111,-19
-46,112,-19
-18,38,40
-19,38,40
-20,39,40
-21,39,39
-22,40,39
-23,40,39
-24,41,39
-25,41,39
-26,42,39
-27,42,38
-28,43,38
-29,43,38
-30,44,38
-31,44,38
-32,45,37
-33,45,37
-34,46,37
-35,46,36
-36,47,36
-37,47,36
-38,48,35
-39,49,35
-40,49,34
-41,50,34
-42,51,33
-43,52,33
-44,52,32
-44,53,31
-45,54,30
-46,55,30
-46,56,29
-47,56,28
-47,57,27
-47,58,26
-48,59,25
-48,60,24
-48,60,23
-48,61,22
-48,62,21
-48,62,20
-48,63,19
-47,64,18
-47,65,17
-47,66,16
-47,67,15
-47,67,14
-46,68,13
-46,70,12
-46,71,11
-46,72,10
-46,73,9
-47,75,8
-48,76,7
-49,77,7
-50,78,7
-51,79,7
-52,80,6
-53,80,6
-54,81,6
-54,82,5
-55,83,5
-55,83,4
-56,84,4
-56,85,3
-56,86,2
-56,87,1
-56,88,1
-56,89,0
-56,90,0
-56,90,-1
-56,91,-1
-56,92,-2
-56,93,-3
-55,94,-4
-55,95,-5
-55,96,-5
-55,97,-6
-54,98,-7
-54,98,-8
-54,99,-9
-54,100,-9
-53,101,-10
-53,102,-11
-52,103,-12
-52,104,-13
-52,105,-14
-51,106,-14
-51,106,-15
-50,107,-16
-49,108,-17
-49,109,-17
-48,110,-18
-47,111,-19
-27,41,38
-29,42,38
-31,43,37
-33,44,37
-35,45,36
-37,47,36
-39,48,35
-41,49,34
-43,51,33
-44,52,31
-46,54,30
-47,55,28
-47,57,26
-48,59,24
-48,60,22
-48,62,20
-48,63,18
-47,65,16
-47,66,14
-47,68,12
-46,71,10
-47,73,8
-49,76,7
-51,78,6
-56,93,-4
-55,95,-5
-55,97,-7
-54,98,-9
-53,100,-10
-53,102,-12
-52,104,-13
-51,105,-15
-50,107,-17
-48,109,-18
-46,111,-20
-19,37,39
-20,37,39
-21,38,39
-21,38,39
-22,39,39
-23,39,39
-24,39,39
-25,40,38
-26,40,38
-27,41,38
-28,41,38
-30,42,38
-31,42,37
-32,43,37
-33,43,37
-34,44,37
-35,45,36
-36,45,36
-37,46,36
-38,46,35
-39,47,35
-40,48,34
-41,48,34
-42,49,33
-42,50,33
-43,50,32
-44,51,31
-45,52,31
-45,53,30
-46,54,29
-47,54,28
-47,55,27
-48,56,26
-48,57,25
-48,58,24
-48,59,23
-48,59,22
-48,60,21
-48,61,20
-48,62,19
-48,62,18
-48,63,17
-48,64,16
-48,65,15
-47,65,14
-47,66,13
-47,67,12
-47,68,11
-47,69,10
-47,71,9
-47,72,8
-48,73,7
-49,75,7
-50,76,6
-51,77,6
-51,78,6
-52,79,6
-53,79,5
-54,80,5
-54,81,4
-55,82,4
-55,83,3
-56,83,3
-56,84,2
-56,85,1
-56,86,1
-56,87,0
-56,88,0
-56,89,-1
-56,89,-1
-56,90,-2
-56,91,-3
-56,92,-4
-55,93,-4
-55,94,-5
-55,95,-6
-55,96,-7
-55,96,-8
-54,97,-9
-54,98,-9
-54,99,-10
-53,100,-11
-53,101,-12
-52,102,-13
-52,103,-13
-52,104,-14
-51,104,-15
-51,105,-16
-50,106,-16
-49,107,-17
-49,108,-18
-48,109,-18
-47,110,-19
-48,64,14
-47,66,12
-47,68,10
-47,70,9
-48,71,8
-48,72,7
-49,74,7
-50,76,6
-18,35,39
-19,35,39
-20,36,39
-21,36,39
-22,37,39
-23,37,39
-24,38,38
-25,38,38
-26,39,38
-27,39,38
-28,40,38
-29,40,37
-30,41,37
-31,41,37
-32,42,37
-33,42,36
-34,43,36
-35,43,36
-36,44,35
-37,45,35
-38,45,35
-39,46,34
-40,46,34
-41,47,33
-42,48,33
-43,49,32
-44,49,31
-44,50,31
-45,51,30
-46,52,29
-46,52,28
-47,53,28
-48,54,27
-48,55,26
-48,56,25
-49,57,24
-49,57,23
-49,58,22
-49,59,21
-49,60,20
-49,61,19
-49,61,18
-49,62,17
-49,63,16
-48,64,15
-48,64,14
-48,65,12
-48,66,11
-48,67,10
-48,68,9
-48,70,8
-48,71,7
-49,72,7
-50,74,6
-50,75,6
-51,76,5
-52,77,5
-53,78,5
-53,79,4
-54,79,4
-55,80,4
-55,81,3
-55,82,3
-56,83,2
-56,83,1
-56,84,1
-56,85,0
-56,86,0
-56,87,-1
-56,88,-1
-56,88,-2
-56,89,-3
-56,90,-4
-56,91,-4
-55,92,-5
-55,93,-6
-55,94,-7
-55,95,-8
-55,95,-8
-54,96,-9
-54,97,-10
-53,98,-11
-53,99,-12
-53,100,-12
-52,101,-13
-52,102,-14
-51,102,-15
-51,103,-16
-51,104,-16
-50,105,-17
-49,106,-18
-49,107,-18
-48,107,-19
-48,108,-19
-47,109,-20
-17,34,39
-27,39,38
-29,40,37
-31,41,37
-34,42,36
-36,43,35
-38,44,35
-40,45,34
-42,47,33
-43,48,31
-45,50,30
-46,51,29
-48,53,27
-48,55,25
-49,56,23
-49,58,21
-49,60,19
-49,61,17
-49,63,15
-48,64,13
-48,66,10
-48,69,8
-49,71,7
-50,74,6
-52,76,5
-55,93,-7
-55,94,-8
-54,96,-10
-53,98,-12
-52,100,-13
-52,101,-15
-51,103,-16
-18,34,39
-19,34,39
-20,35,39
-21,35,39
-22,36,38
-23,36,38
-24,37,38
-25,37,38
-26,37,38
-27,38,37
-28,38,37
-29,39,37
-30,39,37
-31,40,36
-32,40,36
-33,41,36
-34,42,36
-35,42,35
-36,43,35
-37,43,35
-38,44,34
-39,45,34
-40,45,33
-41,46,33
-42,47,32
-43,47,31
-44,48,31
-45,49,30
-45,50,29
-46,50,29
-47,51,28
-47,52,27
-48,53,26
-48,54,25
-49,55,24
-49,55,23
-49,56,22
-50,57,21
-50,58,20
-50,59,19
-50,60,18
-50,60,17
-50,61,16
-49,62,15
-49,63,14
-49,64,13
-49,64,12
-49,65,11
-49,66,10
-49,68,9
-49,69,8
-50,70,7
-50,71,6
-51,73,6
-51,74,5
-52,75,5
-53,76,4
-53,77,4
-54,78,4
-54,79,3
-55,80,3
-56,82,1
-56,83,0
-56,84,0
-56,85,0
-56,86,-1
-56,87,-2
-56,87,-3
-56,88,-4
-56,89,-4
-56,90,-5
-55,91,-6
-55,92,-7
-55,93,-8
-55,94,-8
-54,94,-9
-54,95,-10
-54,96,-11
-53,97,-12
-53,98,-12
-53,99,-13
-52,100,-14
-52,100,-15
-51,101,-15
-51,102,-16
-50,103,-17
-50,104,-18
-49,105,-18
-49,106,-19
-48,106,-19
-48,107,-20
-49,64,11
-50,67,9
-50,69,7
-51,71,6
-17,33,39
-18,33,38
-19,33,38
-20,34,38
-21,34,38
-22,34,38
-23,35,38
-24,35,38
-25,36,38
-26,36,37
-27,37,37
-28,37,37
-29,38,37
-30,38,36
-31,39,36
-32,39,36
-33,40,35
-35,40,35
-36,41,35
-37,41,34
-38,42,34
-39,43,34
-40,43,33
-41,44,33
-42,45,32
-43,45,32
-43,46,31
-44,47,30
-45,48,30
-46,48,29
-47,49,28
-47,50,27
-48,51,26
-48,52,26
-49,53,25
-49,53,24
-50,54,23
-50,55,22
-50,56,21
-50,57,20
-50,58,19
-50,59,18
-50,59,17
-50,60,16
-50,61,15
-50,62,14
-50,63,12
-50,64,11
-50,65,10
-50,66,9
-50,67,8
-51,68,7
-51,69,7
-51,70,6
-52,72,5
-52,73,5
-53,74,4
-54,75,4
-54,76,4
-55,77,3
-55,78,3
-55,79,2
-55,79,2
-56,80,1
-56,81,1
-56,82,0
-56,83,0
-56,83,0
-56,84,-1
-56,85,-2
-56,86,-3
-56,87,-3
-56,87,-4
-56,88,-5
-55,89,-6
-55,90,-7
-55,91,-8
-55,92,-8
-55,92,-9
-54,93,-10
-54,94,-11
-54,95,-12
-53,96,-12
-53,97,-13
-53,98,-14
-52,99,-15
-52,99,-15
-51,100,-16
-51,101,-17
-50,102,-18
-50,103,-18
-49,104,-19
-49,104,-19
-48,105,-20
-47,106,-21
-47,107,-21
-26,35,37
-28,36,37
-30,37,36
-32,38,36
-34,39,35
-36,41,34
-38,42,34
-40,43,33
-42,44,32
-44,46,30
-46,47,29
-47,49,27
-48,51,26
-49,52,24
-50,54,22
-51,56,20
-51,58,18
-51,59,16
-51,61,14
-51,63,12
-51,65,10
-51,67,8
-52,69,6
-53,72,5
-54,74,4
-55,91,-8
-55,92,-10
-54,94,-11
-53,96,-13
-52,98,-15
-51,99,-16
-50,101,-17
-47,106,-21
-17,31,38
-18,32,38
-19,32,38
-20,32,38
-21,33,38
-22,33,38
-23,34,38
-24,34,37
-25,35,37
-26,35,37
-27,35,37
-28,36,36
-29,36,36
-31,37,36
-32,38,36
-33,38,35
-34,39,35
-35,39,35
-36,40,34
-37,40,34
-38,41,33
-39,41,33
-40,42,33
-41,43,32
-42,43,32
-43,44,31
-44,45,30
-45,46,30
-45,46,29
-46,47,28
-47,48,27
-48,49,27
-48,50,26
-49,51,25
-49,51,24
-50,52,23
-50,53,22
-50,54,21
-51,55,20
-51,56,19
-51,57,18
-51,58,17
-51,58,16
-51,59,15
-51,60,14
-51,61,13
-51,62,12
-51,63,11
-51,64,10
-51,65,9
-52,66,8
-52,67,7
-52,68,6
-53,70,6
-53,71,5
-54,72,5
-54,73,4
-54,74,4
-55,75,3
-55,76,3
-55,77,2
-56,79,1
-56,80,0
-56,82,0
-56,82,-1
-56,83,-2
-56,84,-3
-56,85,-3
-55,86,-4
-55,86,-5
-55,87,-6
-55,88,-7
-55,89,-7
-55,90,-8
-55,91,-9
-55,91,-10
-54,92,-11
-54,93,-11
-54,94,-12
-53,95,-13
-53,96,-14
-52,97,-15
-52,97,-15
-51,98,-16
-51,99,-17
-50,100,-17
-50,101,-18
-49,102,-19
-49,102,-19
-48,103,-20
-48,104,-21
-47,105,-21
-46,106,-22
-52,63,10
-52,65,8
-53,67,7
-53,70,5
-54,72,4
-46,106,-23
-17,30,38
-18,30,38
-19,31,38
-20,31,38
-21,32,38
-22,32,37
-23,32,37
-24,33,37
-25,33,37
-27,34,37
-28,34,36
-29,35,36
-30,35,36
-31,36,35
-32,36,35
-33,37,35
-34,37,34
-35,38,34
-36,38,34
-37,39,33
-38,40,33
-39,40,32
-40,41,32
-41,42,31
-42,42,31
-43,43,30
-44,44,30
-45,44,29
-46,45,28
-47,46,28
-47,47,27
-48,48,26
-49,49,25
-49,49,24
-50,50,23
-50,51,22
-51,52,22
-51,53,21
-51,54,20
-51,55,19
-52,56,18
-52,56,17
-52,57,15
-52,58,14
-52,59,13
-52,60,12
-52,61,11
-52,62,10
-52,63,10
-53,64,9
-53,65,8
-53,66,7
-54,68,6
-54,69,6
-54,70,5
-55,71,5
-55,72,4
-56,74,4
-56,75,3
-56,75,2
-56,76,2
-56,77,1
-56,78,1
-56,79,0
-56,79,0
-56,80,0
-56,81,-1
-56,82,-2
-55,82,-2
-55,83,-3
-55,84,-4
-55,85,-5
-55,85,-6
-55,86,-6
-55,87,-7
-55,88,-8
-55,89,-9
-55,90,-10
-54,90,-11
-54,91,-11
-54,92,-12
-54,93,-13
-53,94,-14
-53,95,-14
-52,96,-15
-52,96,-16
-51,97,-17
-51,98,-17
-50,99,-18
-50,100,-19
-49,101,-19
-49,101,-20
-48,102,-21
-47,103,-21
-47,104,-22
-46,105,-23
-45,106,-24
-24,32,37
-26,33,37
-28,34,36
-30,35,35
-32,36,35
-35,37,34
-37,38,33
-39,39,32
-41,41,31
-43,42,30
-45,43,29
-46,45,28
-48,47,26
-49,48,24
-50,50,23
-51,52,21
-52,54,19
-52,55,17
-52,57,15
-52,59,13
-53,61,11
-53,63,9
-54,65,7
-54,68,6
-55,70,5
-56,73,4
-54,90,-11
-54,92,-13
-53,94,-14
-52,95,-16
-51,97,-17
-50,99,-19
-49,100,-20
-48,102,-21
-46,104,-23
-17,29,37
-18,29,37
-19,30,37
-20,30,37
-21,30,37
-22,31,37
-24,31,37
-25,32,37
-26,32,36
-27,33,36
-28,33,36
-29,34,36
-30,34,35
-31,35,35
-32,35,35
-33,36,34
-34,36,34
-35,37,34
-36,37,33
-37,38,33
-38,38,32
-39,39,32
-40,40,31
-41,40,31
-42,41,30
-43,42,30
-44,42,29
-45,43,28
-46,44,28
-47,45,27
-48,46,26
-48,46,25
-49,47,25
-50,48,24
-50,49,23
-51,50,22
-51,51,21
-51,52,20
-52,53,19
-52,54,18
-52,54,17
-52,55,16
-52,56,15
-53,57,14
-53,58,13
-53,59,12
-53,60,11
-53,61,10
-53,62,9
-54,63,8
-54,64,8
-54,65,7
-55,67,6
-55,68,6
-56,69,5
-56,71,4
-56,72,4
-57,73,3
-57,74,3
-57,75,2
-57,76,1
-56,77,0
-56,79,0
-55,80,-2
-55,81,-3
-55,82,-4
-55,83,-5
-55,84,-5
-55,84,-6
-55,85,-7
-55,86,-8
-55,87,-9
-54,88,-10
-54,88,-10
-54,89,-11
-54,90,-12
-54,91,-13
-53,92,-14
-53,93,-14
-53,94,-15
-52,94,-16
-52,95,-17
-51,96,-17
-51,97,-18
-50,98,-19
-50,99,-19
-49,99,-20
-48,100,-21
-48,101,-21
-47,102,-22
-47,103,-22
-46,104,-23
-45,105,-24
-16,28,37
-47,45,26
-49,46,25
-50,48,23
-51,50,21
-52,52,19
-52,53,17
-53,55,15
-53,59,11
-54,61,9
-55,63,8
-55,66,6
-56,68,5
-57,71,4
-45,104,-24
-44,105,-25
-16,28,37
-17,28,37
-18,28,37
-19,28,37
-20,29,37
-21,29,37
-23,30,37
-24,30,37
-25,30,36
-26,31,36
-27,31,36
-28,32,35
-29,32,35
-30,33,35
-31,33,34
-32,34,34
-33,34,34
-34,35,33
-35,35,33
-36,36,33
-38,37,32
-39,37,32
-40,38,31
-41,38,31
-42,39,30
-43,40,30
-44,40,29
-45,41,28
-45,42,28
-46,43,27
-47,44,26
-48,44,26
-49,45,25
-49,46,24
-50,47,23
-50,48,22
-51,49,21
-51,50,20
-52,51,19
-52,51,18
-52,52,17
-53,53,16
-53,54,15
-53,55,14
-53,56,13
-53,57,12
-53,58,11
-54,59,10
-54,60,9
-54,61,9
-55,62,8
-55,63,7
-56,65,7
-56,66,6
-57,67,5
-57,69,5
-57,70,4
-58,71,4
-58,72,3
-58,73,2
-58,74,1
-57,75,1
-57,76,0
-57,76,0
-56,77,0
-56,78,-1
-56,78,-2
-55,79,-2
-55,80,-3
-55,81,-4
-54,81,-4
-54,82,-5
-54,83,-6
-54,84,-7
-54,84,-8
-54,85,-8
-54,86,-9
-54,87,-10
-54,87,-11
-54,88,-12
-54,89,-13
-54,90,-14
-53,91,-14
-53,92,-15
-52,93,-16
-52,93,-17
-51,94,-17
-51,95,-18
-50,96,-19
-50,97,-19
-49,97,-20
-49,98,-21
-48,99,-21
-48,100,-22
-47,101,-22
-46,102,-23
-46,102,-23
-45,103,-24
-24,30,36
-26,30,36
-28,31,35
-31,32,34
-33,33,34
-35,35,33
-37,36,32
-39,37,31
-41,38,30
-43,40,29
-45,41,28
-47,43,26
-48,44,25
-50,46,23
-51,48,21
-52,49,19
-53,51,17
-53,53,15
-53,55,13
-54,57,11
-54,59,10
-55,61,8
-56,64,7
-57,66,5
-58,69,4
-58,71,3
-58,73,2
-54,87,-11
-54,88,-13
-53,90,-14
-53,92,-16
-52,93,-17
-51,95,-19
-46,101,-23
-44,103,-25
-16,27,37
-17,27,37
-18,27,36
-19,27,36
-20,28,36
-21,28,36
-23,28,36
-24,29,36
-25,29,36
-26,30,36
-27,30,35
-28,31,35
-29,31,35
-30,32,34
-31,32,34
-32,33,34
-33,33,33
-34,34,33
-36,34,32
-37,35,32
-38,35,32
-39,36,31
-40,37,31
-41,37,30
-42,38,30
-43,39,29
-44,39,28
-45,40,28
-46,41,27
-47,42,26
-47,42,26
-48,43,25
-49,44,24
-50,45,23
-50,46,22
-51,47,21
-51,47,20
-52,48,19
-52,49,18
-53,50,17
-53,51,16
-53,52,15
-53,53,14
-54,54,13
-54,55,12
-54,56,12
-54,57,11
-55,58,10
-55,59,9
-55,60,8
-56,61,7
-56,62,7
-57,64,6
-57,65,6
-58,66,5
-58,68,4
-59,69,4
-59,70,3
-59,72,3
-59,73,2
-58,73,1
-58,74,0
-58,75,0
-57,76,0
-56,77,-2
-55,78,-3
-54,79,-3
-54,80,-4
-54,80,-5
-54,81,-5
-53,82,-6
-53,83,-7
-54,83,-8
-54,84,-9
-54,85,-10
-54,86,-11
-54,86,-12
-54,87,-13
-53,88,-13
-53,89,-14
-53,90,-15
-53,91,-16
-52,91,-17
-52,92,-17
-51,93,-18
-51,94,-19
-50,95,-19
-50,96,-20
-49,96,-21
-48,97,-21
-48,98,-22
-47,99,-22
-47,100,-23
-46,100,-23
-46,101,-24
-45,102,-24
-17,26,36
-44,39,28
-46,41,26
-48,42,25
-49,44,23
-51,46,21
-52,47,20
-53,49,18
-53,51,16
-54,53,14
-54,55,12
-55,57,10
-56,59,8
-57,61,7
-58,64,6
-59,67,5
-59,69,3
-16,25,36
-17,26,36
-18,26,36
-19,26,36
-20,27,36
-21,27,36
-23,27,36
-24,28,36
-25,28,35
-26,28,35
-27,29,35
-28,29,35
-29,30,34
-30,30,34
-31,31,33
-32,31,33
-34,32,33
-35,32,32
-36,33,32
-37,34,31
-38,34,31
-39,35,31
-40,35,30
-41,36,30
-42,37,29
-43,37,28
-44,38,28
-45,39,27
-46,39,26
-47,40,26
-48,41,25
-48,42,24
-49,43,23
-50,44,22
-50,44,22
-51,45,21
-52,46,20
-52,47,19
-52,48,18
-53,49,17
-53,50,16
-53,51,15
-54,52,14
-54,53,13
-54,54,12
-54,55,11
-55,56,10
-55,57,9
-56,58,8
-56,59,8
-57,60,7
-58,61,6
-58,63,6
-59,64,5
-59,66,5
-60,67,4
-60,68,3
-60,70,3
-60,71,2
-60,72,1
-59,73,0
-59,73,0
-58,74,-1
-57,75,-1
-57,75,-2
-56,76,-2
-55,77,-3
-54,77,-3
-54,78,-4
-53,79,-4
-53,80,-5
-53,80,-6
-53,81,-7
-53,82,-7
-53,83,-8
-53,83,-9
-53,84,-10
-53,85,-11
-53,85,-12
-53,86,-13
-53,87,-14
-53,88,-15
-53,89,-16
-52,90,-17
-52,90,-17
-52,91,-18
-51,92,-19
-51,93,-19
-50,94,-20
-49,94,-21
-49,95,-21
-48,96,-22
-48,97,-22
-47,98,-23
-46,98,-23
-46,99,-24
-45,100,-24
-45,101,-25
-15,25,36
-24,27,35
-27,28,35
-29,29,34
-31,30,33
-33,31,33
-35,32,32
-37,33,31
-40,34,30
-42,36,29
-44,37,28
-46,38,26
-47,40,25
-49,42,23
-50,43,22
-51,45,20
-52,47,18
-53,49,16
-54,51,14
-54,53,12
-55,55,10
-56,57,8
-57,59,7
-59,62,6
-60,64,5
-60,67,4
-61,70,2
-60,72,0
-59,73,-1
-52,82,-8
-53,83,-10
-53,84,-12
-53,86,-14
-53,88,-16
-52,89,-17
-51,91,-19
-50,93,-20
-44,100,-25
-16,25,36
-17,25,36
-18,25,36
-19,25,36
-20,25,35
-21,26,35
-23,26,35
-24,26,35
-25,27,35
-26,27,35
-27,28,35
-28,28,34
-29,29,34
-30,29,33
-32,30,33
-33,30,33
-34,31,32
-35,31,32
-36,32,31
-37,32,31
-38,33,30
-39,33,30
-40,34,29
-41,35,29
-42,35,28
-43,36,28
-44,37,27
-45,37,26
-46,38,26
-47,39,25
-48,40,24
-49,41,23
-49,41,23
-50,42,22
-51,43,21
-51,44,20
-52,45,19
-52,46,18
-53,47,17
-53,48,16
-53,49,15
-54,50,14
-54,51,13
-54,52,12
-54,53,11
-55,54,10
-55,55,9
-56,56,8
-57,57,8
-57,58,7
-58,59,7
-59,60,6
-59,62,5
-60,63,5
-60,65,4
-61,66,4
-61,68,3
-61,69,2
-61,70,1
-61,71,0
-60,72,0
-59,73,-1
-58,73,-1
-57,74,-2
-57,74,-2
-56,75,-3
-55,76,-3
-54,76,-3
-53,77,-4
-53,78,-5
-52,79,-5
-52,80,-6
-52,80,-7
-52,81,-8
-52,82,-9
-52,82,-10
-52,83,-11
-52,84,-12
-53,84,-13
-53,85,-14
-53,86,-15
-53,87,-16
-52,88,-16
-52,88,-17
-52,89,-18
-51,90,-19
-51,91,-19
-50,92,-20
-50,93,-21
-49,93,-21
-49,94,-22
-48,95,-22
-47,96,-23
-47,97,-24
-46,97,-24
-46,98,-25
-45,99,-25
-44,99,-25
-44,100,-26
-14,25,36
-43,35,28
-45,36,26
-47,38,25
-48,40,23
-50,41,22
-51,43,20
-52,45,18
-53,47,16
-54,49,14
-54,50,12
-55,52,10
-56,54,8
-58,57,7
-58,58,7
-59,59,6
-60,61,5
-60,62,5
-61,63,4
-61,65,4
-62,66,3
-62,68,2
-62,69,1
-61,70,0
-60,72,-1
-15,24,35
-17,24,35
-18,24,35
-19,24,35
-20,24,35
-21,25,35
-23,25,35
-24,25,35
-25,25,35
-26,26,34
-27,26,34
-28,27,34
-29,27,33
-31,28,33
-32,28,32
-33,29,32
-34,29,32
-35,30,31
-36,30,31
-37,31,30
-38,32,30
-39,32,29
-40,33,29
-41,33,28
-42,34,28
-43,35,27
-44,36,26
-45,36,26
-46,37,25
-47,38,24
-48,39,23
-49,39,23
-49,40,22
-50,41,21
-51,42,20
-51,43,19
-52,44,18
-52,45,17
-53,46,16
-53,47,15
-53,47,14
-54,48,13
-54,49,12
-54,50,11
-54,51,10
-55,52,9
-56,53,8
-57,54,8
-58,55,7
-58,57,7
-59,58,6
-60,59,6
-61,61,5
-61,62,4
-62,64,4
-62,65,3
-63,67,2
-62,68,1
-62,69,0
-61,70,0
-61,71,-1
-60,72,-2
-59,72,-2
-57,73,-3
-56,73,-3
-55,74,-3
-54,75,-4
-53,75,-4
-53,76,-4
-52,77,-5
-51,78,-5
-51,79,-6
-51,80,-7
-51,80,-8
-51,81,-9
-51,82,-10
-51,82,-11
-51,83,-12
-52,84,-13
-52,84,-14
-52,85,-15
-52,86,-16
-52,87,-17
-52,87,-18
-52,88,-19
-51,89,-19
-51,90,-20
-50,91,-21
-50,92,-21
-49,92,-22
-48,93,-23
-48,94,-23
-47,95,-24
-46,95,-24
-46,96,-25
-45,97,-25
-45,98,-26
-44,98,-26
-43,99,-27
-14,23,35
-20,24,35
-22,24,35
-24,25,34
-27,25,34
-29,26,33
-31,27,32
-33,28,32
-36,30,31
-38,31,30
-40,32,29
-42,33,28
-44,35,26
-46,36,25
-48,38,23
-49,39,22
-51,41,20
-52,43,18
-53,45,16
-53,46,14
-54,48,12
-54,50,10
-56,52,8
-58,54,7
-59,57,6
-61,59,5
-62,62,4
-63,66,2
-63,68,0
-61,70,-1
-59,71,-2
-57,72,-3
-55,74,-4
-53,75,-4
-51,77,-5
-50,79,-7
-50,80,-9
-50,82,-11
-51,83,-13
-52,84,-15
-52,86,-17
-52,87,-19
-51,89,-20
-50,91,-21
-49,92,-23
-46,95,-25
-45,97,-26
-43,98,-27
-15,23,35
-17,23,35
-18,23,34
-19,23,34
-20,23,34
-21,23,34
-23,24,34
-24,24,34
-25,24,34
-26,25,34
-27,25,34
-28,26,33
-30,26,33
-31,26,32
-32,27,32
-33,28,32
-34,28,31
-35,29,31
-36,29,30
-37,30,30
-38,30,29
-39,31,29
-40,32,28
-42,32,28
-43,33,27
-44,34,26
-45,34,26
-45,35,25
-46,36,24
-47,37,23
-48,37,23
-49,38,22
-50,39,21
-50,40,20
-51,41,19
-51,42,18
-52,43,17
-52,43,16
-53,44,15
-53,45,14
-53,46,13
-54,47,12
-54,48,11
-54,49,10
-54,50,9
-55,51,8
-56,52,8
-57,53,7
-59,54,7
-60,55,6
-61,57,6
-61,58,5
-62,60,5
-63,61,4
-63,63,3
-64,64,2
-64,66,1
-63,67,0
-63,68,0
-62,69,-1
-61,70,-2
-60,70,-2
-59,71,-3
-57,72,-3
-56,72,-4
-55,73,-4
-54,73,-4
-53,74,-4
-52,75,-5
-51,76,-5
-50,77,-6
-50,78,-6
-49,79,-7
-49,80,-8
-49,80,-9
-50,81,-11
-50,82,-12
-50,82,-13
-51,83,-14
-51,83,-15
-51,84,-16
-52,85,-17
-52,86,-18
-52,86,-19
-51,87,-19
-51,88,-20
-51,89,-21
-50,90,-21
-50,91,-22
-49,91,-23
-48,92,-23
-48,93,-24
-47,94,-24
-46,94,-25
-46,95,-25
-45,96,-26
-44,96,-27
-44,97,-27
-43,98,-28
-43,33,26
-45,34,25
-47,36,23
-48,37,22
-50,39,20
-51,41,18
-52,42,16
-53,44,14
-53,46,12
-54,48,10
-55,50,8
-57,52,8
-59,53,7
-60,54,7
-61,55,6
-62,57,5
-63,58,5
-63,60,4
-64,61,3
-64,63,2
-64,64,1
-64,66,0
-63,67,0
-63,68,-1
-62,69,-2
-60,69,-3
-58,71,-3
-55,72,-4
-50,77,-6
-49,79,-8
-49,80,-10
-15,21,34
-17,22,34
-18,22,34
-19,22,34
-20,22,34
-21,22,34
-22,22,34
-24,23,34
-25,23,33
-26,23,33
-27,24,33
-28,24,33
-30,25,32
-31,25,32
-32,26,32
-33,26,31
-34,27,31
-35,27,30
-36,28,30
-37,28,29
-38,29,29
-39,30,28
-41,30,27
-42,31,27
-43,32,26
-44,32,26
-45,33,25
-46,34,24
-46,35,23
-47,35,23
-48,36,22
-49,37,21
-50,38,20
-50,39,19
-51,40,18
-51,40,17
-52,41,16
-52,42,16
-53,43,15
-53,44,13
-53,45,12
-53,46,11
-54,47,10
-54,48,9
-55,49,8
-56,50,8
-57,51,8
-58,52,8
-60,53,7
-61,54,6
-62,55,6
-63,57,5
-64,58,4
-64,60,3
-65,62,2
-65,63,1
-65,65,0
-64,66,0
-63,67,-1
-62,68,-2
-61,68,-3
-60,69,-3
-58,70,-4
-57,70,-4
-56,71,-4
-55,71,-4
-53,72,-4
-52,73,-5
-51,74,-5
-50,75,-5
-49,76,-6
-49,77,-6
-48,78,-7
-48,79,-9
-48,80,-10
-49,80,-11
-49,81,-12
-49,81,-13
-50,82,-14
-50,83,-15
-51,83,-16
-51,84,-17
-51,85,-18
-51,85,-19
-51,86,-20
-51,87,-21
-50,88,-22
-50,89,-22
-49,89,-23
-49,90,-23
-48,91,-24
-47,92,-25
-47,93,-25
-46,93,-26
-45,94,-26
-45,95,-27
-44,95,-27
-43,96,-28
-42,97,-28
-17,21,34
-19,21,33
-22,22,33
-24,22,33
-27,23,33
-29,24,32
-31,25,31
-34,26,31
-36,27,30
-38,28,29
-40,29,27
-42,31,26
-44,32,25
-46,34,23
-48,35,22
-49,37,20
-51,39,18
-52,40,17
-53,42,15
-53,44,13
-54,46,10
-54,48,8
-57,49,8
-60,51,7
-61,53,7
-62,54,6
-63,55,5
-64,56,5
-64,57,5
-65,59,4
-65,59,3
-65,60,3
-66,62,1
-65,63,0
-65,65,0
-64,66,-1
-62,67,-3
-59,69,-4
-56,70,-4
-54,71,-5
-52,73,-5
-49,74,-6
-48,77,-7
-48,79,-10
-48,80,-12
-49,81,-14
-50,82,-16
-51,84,-18
-51,85,-20
-51,87,-22
-50,89,-23
-48,90,-24
-45,93,-26
-43,96,-29
-15,20,33
-17,20,33
-18,21,33
-19,21,33
-20,21,33
-21,21,33
-22,21,33
-24,22,33
-25,22,33
-26,22,33
-27,23,32
-28,23,32
-30,23,32
-31,24,31
-32,24,31
-33,25,31
-34,26,30
-35,26,30
-36,27,29
-37,27,29
-39,28,28
-40,28,27
-41,29,27
-42,30,26
-43,30,26
-44,31,25
-45,32,24
-46,33,23
-46,33,23
-47,34,22
-48,35,21
-49,36,20
-50,37,19
-50,37,18
-51,38,18
-52,39,17
-52,40,16
-52,41,15
-53,42,14
-53,43,13
-53,44,12
-54,45,11
-54,46,9
-54,47,8
-55,48,8
-57,48,8
-58,49,8
-59,50,8
-61,51,7
-62,52,6
-63,54,6
-64,55,5
-65,57,4
-66,59,3
-66,60,2
-66,62,0
-65,63,0
-65,64,-1
-63,65,-2
-62,66,-3
-61,67,-3
-59,68,-4
-58,68,-4
-57,69,-4
-56,69,-5
-54,70,-5
-53,71,-5
-52,72,-5
-51,72,-5
-50,73,-6
-48,74,-6
-48,75,-7
-47,77,-8
-47,78,-9
-47,78,-10
-48,79,-12
-48,80,-13
-49,80,-14
-49,81,-15
-50,82,-16
-50,82,-17
-50,83,-18
-50,84,-19
-50,84,-20
-51,85,-21
-50,86,-21
-50,87,-22
-50,88,-23
-49,88,-24
-49,89,-24
-48,90,-25
-47,91,-25
-46,91,-26
-46,92,-26
-45,93,-27
-44,94,-27
-43,94,-28
-43,95,-29
-42,96,-29
-41,29,26
-43,30,25
-45,32,23
-47,33,22
-49,35,20
-50,36,18
-51,38,17
-52,40,15
-53,42,13
-54,44,11
-54,45,9
-56,47,8
-58,48,8
-59,49,8
-61,50,8
-62,51,7
-63,52,6
-65,54,5
-66,55,4
-66,56,4
-67,57,3
-67,59,2
-67,61,0
-66,62,0
-65,63,-1
-64,64,-2
-63,65,-3
-61,66,-3
-60,66,-4
-57,68,-5
-55,69,-5
-52,71,-5
-50,72,-6
-49,73,-6
-48,74,-7
-47,75,-8
-47,76,-9
-47,77,-10
-47,78,-11
-15,19,32
-16,19,32
-17,19,32
-19,20,32
-20,20,32
-21,20,32
-22,20,32
-23,20,32
-25,21,32
-26,21,32
-27,21,32
-28,22,31
-30,22,31
-31,23,31
-32,23,30
-33,24,30
-34,24,29
-35,25,29
-36,25,28
-38,26,28
-39,27,27
-40,27,27
-41,28,26
-42,28,25
-43,29,25
-44,30,24
-45,31,23
-46,31,23
-46,32,22
-47,33,21
-48,34,20
-49,35,19
-50,35,18
-50,36,18
-51,37,17
-52,38,16
-52,39,15
-53,40,14
-53,41,13
-53,42,12
-54,42,11
-54,43,10
-54,44,9
-55,45,8
-56,46,7
-57,47,8
-59,47,8
-60,48,8
-62,49,7
-63,51,6
-65,52,5
-66,54,5
-67,56,4
-68,57,2
-67,59,0
-67,60,0
-66,62,-1
-64,63,-2
-63,64,-3
-62,65,-3
-60,65,-4
-59,66,-4
-58,67,-5
-56,67,-5
-55,68,-5
-54,69,-5
-53,70,-6
-51,70,-6
-50,71,-6
-49,72,-6
-48,73,-7
-47,74,-7
-46,75,-9
-46,76,-10
-47,77,-11
-47,78,-12
-48,79,-13
-48,79,-14
-49,80,-15
-49,81,-16
-49,81,-17
-50,82,-18
-50,83,-19
-50,83,-20
-50,84,-21
-50,85,-22
-50,86,-23
-49,87,-24
-49,87,-24
-48,88,-25
-48,89,-25
-47,90,-26
-46,90,-26
-45,91,-27
-45,92,-28
-44,93,-28
-43,93,-29
-42,94,-29
-41,95,-30
-14,19,32
-17,19,32
-19,19,32
-22,20,32
-24,20,32
-26,21,32
-29,21,31
-31,22,30
-34,23,29
-36,24,28
-38,26,27
-40,27,26
-42,28,25
-44,30,23
-46,31,22
-48,33,20
-49,34,18
-51,36,17
-52,38,15
-53,40,13
-54,41,11
-55,43,9
-56,45,7
-58,47,7
-60,47,7
-61,48,7
-63,49,6
-64,50,6
-66,52,5
-67,53,4
-68,54,4
-69,56,2
-69,57,1
-68,58,0
-68,59,0
-67,60,-1
-66,60,-1
-65,61,-2
-64,62,-3
-61,64,-4
-58,66,-5
-56,67,-5
-53,69,-6
-51,70,-6
-48,72,-7
-46,74,-8
-46,76,-11
-47,78,-13
-48,79,-15
-49,80,-17
-49,82,-19
-50,83,-21
-50,85,-23
-49,86,-24
-48,88,-26
-45,91,-28
-43,93,-29
-41,94,-30
-14,18,32
-16,18,32
-17,18,32
-18,19,32
-20,19,32
-21,19,32
-22,19,32
-23,19,32
-25,20,31
-26,20,31
-27,20,31
-28,21,31
-30,21,31
-31,21,30
-32,22,30
-33,22,29
-34,23,29
-35,23,28
-36,24,28
-38,25,27
-39,25,27
-40,26,26
-41,27,25
-42,27,25
-43,28,24
-44,29,23
-45,29,23
-46,30,22
-46,31,21
-47,32,20
-48,32,19
-49,33,18
-50,34,18
-50,35,17
-51,36,16
-52,37,15
-52,38,14
-53,39,13
-54,39,12
-54,40,11
-54,41,10
-55,42,9
-55,43,8
-56,44,7
-56,45,7
-57,46,6
-59,47,6
-60,47,6
-62,48,6
-64,49,5
-66,50,5
-68,51,4
-69,53,3
-70,56,1
-69,57,0
-67,59,-2
-66,60,-2
-64,61,-3
-63,62,-4
-61,63,-4
-60,64,-5
-59,65,-5
-57,65,-5
-56,66,-6
-55,67,-6
-54,68,-6
-52,68,-6
-51,69,-7
-50,70,-7
-48,70,-7
-47,71,-7
-46,72,-8
-46,74,-9
-46,75,-11
-46,76,-12
-47,77,-13
-48,77,-14
-48,78,-15
-48,79,-16
-49,79,-17
-49,80,-18
-49,81,-19
-49,82,-20
-50,82,-21
-50,83,-22
-50,84,-23
-49,85,-24
-49,85,-24
-49,86,-25
-48,87,-26
-48,88,-26
-47,89,-27
-46,89,-27
-45,90,-28
-44,91,-28
-44,92,-29
-43,92,-29
-42,93,-30
-41,94,-31
-39,25,26
-41,26,25
-43,28,23
-45,29,22
-47,31,20
-48,32,18
-50,34,17
-51,36,15
-53,38,13
-54,39,12
-55,41,10
-56,43,8
-57,45,6
-59,47,5
-61,48,5
-62,48,4
-64,49,4
-65,49,4
-67,50,4
-68,50,3
-69,51,3
-70,52,2
-71,53,1
-70,55,0
-70,56,0
-69,56,-1
-68,57,-2
-66,58,-3
-65,60,-3
-63,61,-4
-62,62,-4
-60,63,-5
-59,63,-5
-58,64,-6
-57,65,-6
-54,67,-6
-52,68,-7
-49,69,-7
-48,70,-8
-46,71,-8
-46,72,-9
-45,74,-11
-46,75,-12
-47,75,-13
-48,77,-15
-15,17,31
-16,17,31
-17,17,31
-18,18,31
-19,18,31
-21,18,31
-22,18,31
-23,18,31
-24,19,31
-26,19,31
-27,19,30
-28,19,30
-29,20,30
-31,20,30
-32,21,29
-33,21,29
-34,22,28
-35,22,28
-37,23,27
-38,23,27
-39,24,26
-40,25,25
-41,25,25
-42,26,24
-43,27,23
-44,27,23
-45,28,22
-45,29,21
-46,30,20
-47,30,19
-48,31,18
-48,32,17
-49,33,17
-50,34,16
-51,35,15
-52,36,14
-53,36,13
-53,37,13
-54,38,12
-55,39,11
-55,40,10
-56,41,9
-56,42,8
-56,43,7
-57,44,6
-58,45,5
-59,46,5
-60,47,4
-61,48,4
-63,48,3
-65,49,3
-68,49,2
-71,50,1
-71,53,-1
-69,55,-2
-67,57,-3
-65,58,-3
-64,59,-4
-62,60,-4
-61,61,-5
-59,62,-5
-58,63,-6
-57,64,-6
-56,65,-6
-55,65,-7
-53,66,-7
-52,67,-7
-51,68,-7
-50,68,-8
-48,69,-8
-47,70,-8
-46,71,-9
-45,72,-10
-45,73,-12
-46,74,-13
-47,75,-14
-48,76,-15
-48,77,-16
-49,78,-17
-49,78,-18
-49,79,-19
-49,80,-20
-49,81,-21
-49,81,-21
-49,82,-22
-49,83,-23
-49,84,-24
-49,84,-25
-48,85,-26
-48,86,-26
-47,87,-27
-47,88,-27
-46,88,-28
-45,89,-28
-44,90,-29
-43,91,-29
-43,91,-30
-42,92,-30
-40,93,-31
-14,17,30
-16,17,30
-19,17,30
-21,17,30
-24,18,30
-26,18,30
-29,19,30
-31,20,29
-34,21,28
-36,22,27
-38,23,26
-40,24,25
-42,26,23
-44,27,22
-46,29,20
-47,30,18
-49,32,16
-50,34,15
-52,35,13
-54,37,12
-55,39,10
-56,41,8
-57,43,6
-58,45,5
-60,47,3
-62,47,3
-64,48,2
-66,48,2
-67,48,1
-69,48,1
-70,49,0
-71,50,-1
-70,52,-2
-70,53,-3
-68,55,-4
-67,56,-4
-66,57,-4
-64,58,-4
-62,59,-5
-60,61,-5
-57,63,-6
-55,64,-7
-53,66,-7
-50,67,-8
-48,69,-9
-46,71,-10
-46,73,-13
-47,75,-15
-48,77,-16
-49,78,-18
-49,80,-20
-49,81,-22
-49,83,-24
-48,84,-26
-48,86,-27
-41,92,-31
-14,16,30
-15,16,30
-17,16,30
-18,17,30
-19,17,30
-20,17,30
-22,17,30
-23,17,30
-24,17,30
-26,18,30
-27,18,30
-28,18,29
-29,19,29
-31,19,29
-32,19,28
-33,20,28
-34,20,28
-35,21,27
-37,22,27
-38,22,26
-39,23,25
-40,23,25
-41,24,24
-42,25,23
-43,25,23
-44,26,22
-45,27,21
-45,28,20
-46,28,19
-47,29,18
-47,30,17
-48,31,16
-49,32,15
-50,33,15
-51,34,14
-52,35,13
-53,35,13
-54,36,12
-54,37,11
-55,38,10
-56,39,9
-56,40,8
-57,41,7
-57,42,6
-58,43,6
-58,44,5
-59,45,4
-60,46,3
-61,46,2
-63,47,2
-65,47,1
-67,47,0
-69,48,-1
-70,50,-3
-68,53,-4
-66,55,-4
-64,56,-5
-63,58,-5
-61,59,-5
-60,60,-5
-59,61,-6
-58,62,-6
-57,63,-7
-55,63,-7
-54,64,-7
-53,65,-8
-52,66,-8
-51,66,-8
-49,67,-9
-48,68,-9
-47,69,-10
-46,70,-10
-46,71,-12
-46,72,-13
-46,73,-14
-47,74,-15
-47,75,-15
-48,76,-16
-48,76,-17
-49,77,-18
-49,78,-19
-49,79,-20
-48,79,-21
-49,80,-22
-49,81,-23
-49,82,-24
-48,83,-25
-48,83,-26
-48,84,-26
-48,85,-27
-47,86,-28
-46,87,-28
-46,87,-29
-45,88,-29
-44,89,-29
-43,90,-30
-42,90,-30
-41,91,-31
-40,92,-32
-35,20,27
-37,21,26
-39,22,25
-41,24,23
-43,25,22
-45,27,20
-47,28,18
-48,30,16
-49,32,14
-51,34,13
-53,35,12
-55,37,10
-56,39,9
-57,41,7
-58,43,5
-60,45,3
-62,46,2
-63,46,1
-65,46,0
-67,47,0
-67,48,-1
-68,49,-2
-68,50,-4
-68,51,-4
-67,52,-5
-66,53,-5
-65,55,-5
-63,56,-5
-62,57,-5
-60,58,-6
-59,60,-6
-58,61,-6
-56,62,-7
-53,64,-8
-51,65,-9
-49,67,-9
-47,69,-11
-46,71,-13
-47,73,-14
-13,15,29
-15,15,29
-16,16,29
-18,16,29
-19,16,29
-20,16,29
-21,16,29
-23,16,29
-24,16,29
-25,17,29
-27,17,29
-28,17,29
-29,17,28
-30,18,28
-32,18,28
-33,19,27
-34,19,27
-35,20,26
-37,20,26
-38,21,25
-39,21,25
-40,22,24
-41,23,23
-42,23,23
-43,24,22
-44,25,21
-45,26,20
-45,26,19
-46,27,19
-47,28,18
-47,29,17
-48,30,16
-49,31,14
-49,32,13
-50,33,13
-52,33,12
-53,34,12
-54,35,11
-55,36,10
-56,37,10
-56,38,9
-57,39,8
-58,39,7
-58,40,6
-59,41,5
-59,42,4
-60,43,3
-60,44,2
-61,45,2
-62,46,1
-64,46,0
-65,46,0
-66,48,-2
-67,49,-4
-66,51,-5
-65,53,-6
-63,55,-5
-62,56,-5
-61,57,-6
-59,58,-6
-58,59,-6
-57,60,-7
-56,61,-7
-55,62,-8
-54,63,-8
-53,64,-8
-52,64,-9
-51,65,-9
-49,66,-10
-48,67,-10
-47,67,-11
-46,68,-12
-46,70,-13
-46,71,-14
-46,72,-14
-47,73,-15
-47,74,-16
-48,74,-17
-48,75,-18
-48,76,-19
-49,77,-20
-49,78,-21
-48,78,-22
-48,79,-23
-48,80,-24
-48,81,-24
-48,82,-25
-48,82,-26
-47,83,-27
-47,84,-28
-47,85,-28
-46,86,-29
-45,86,-29
-45,87,-30
-44,88,-30
-43,88,-30
-42,89,-31
-41,90,-31
-40,90,-32
-15,15,29
-18,15,29
-21,15,29
-23,16,29
-26,16,29
-28,17,28
-31,17,28
-34,18,27
-36,19,26
-38,20,25
-40,22,23
-42,23,22
-44,25,20
-46,26,19
-47,28,17
-48,30,15
-50,32,13
-52,33,12
-55,35,11
-56,36,9
-58,38,7
-59,40,5
-60,42,3
-61,44,2
-62,45,0
-64,47,-1
-65,48,-3
-65,49,-4
-65,49,-5
-65,51,-6
-64,52,-6
-63,53,-6
-62,55,-6
-61,56,-6
-58,58,-7
-56,60,-7
-54,62,-8
-52,63,-9
-50,65,-10
-48,66,-11
-46,68,-13
-46,71,-14
-47,72,-16
-48,74,-18
-48,76,-20
-49,77,-22
-48,81,-25
-47,82,-27
-13,14,28
-15,15,28
-16,15,28
-17,15,28
-18,15,28
-20,15,28
-21,15,28
-22,15,28
-24,15,28
-25,16,28
-26,16,28
-28,16,28
-29,16,28
-30,17,27
-32,17,27
-33,18,27
-34,18,26
-35,18,26
-36,19,25
-38,20,25
-39,20,24
-40,21,23
-41,21,23
-42,22,22
-43,23,21
-44,24,20
-45,24,20
-46,25,19
-46,26,18
-47,27,17
-48,28,16
-48,29,15
-49,30,14
-50,30,13
-51,31,12
-52,32,11
-53,33,11
-54,34,10
-55,34,10
-56,35,9
-57,36,8
-58,37,7
-58,38,6
-59,39,5
-59,40,4
-60,41,3
-60,42,3
-61,43,2
-61,44,1
-62,45,0
-62,45,0
-63,46,-1
-64,48,-2
-64,49,-4
-64,50,-6
-63,52,-6
-62,53,-6
-61,54,-6
-60,56,-6
-59,57,-7
-58,58,-7
-57,59,-8
-56,60,-8
-55,61,-8
-54,62,-9
-53,63,-9
-52,63,-10
-51,64,-10
-50,65,-11
-48,66,-11
-47,66,-12
-47,67,-13
-46,68,-14
-46,69,-14
-46,71,-15
-47,71,-16
-47,72,-17
-48,73,-18
-48,74,-19
-48,75,-20
-48,76,-21
-48,77,-22
-48,77,-23
-48,78,-23
-48,79,-24
-48,80,-25
-47,81,-26
-47,81,-27
-47,82,-27
-47,83,-28
-46,84,-29
-46,85,-29
-45,85,-30
-44,86,-30
-43,87,-31
-41,89,-31
-40,89,-32
-35,18,26
-37,19,25
-39,20,23
-42,21,22
-44,22,21
-45,24,19
-47,26,17
-48,27,15
-50,29,13
-51,31,11
-54,33,10
-56,34,9
-58,36,8
-59,38,6
-60,40,4
-60,42,2
-62,46,-1
-62,47,-2
-63,48,-3
-63,49,-5
-63,50,-7
-62,52,-7
-61,53,-6
-60,54,-6
-59,56,-7
-57,58,-8
-55,60,-9
-53,62,-10
-51,63,-11
-49,65,-12
-47,66,-13
-46,68,-14
-13,13,27
-14,14,27
-15,14,27
-17,14,27
-18,14,27
-19,14,27
-21,14,27
-22,14,27
-24,14,27
-25,15,27
-26,15,27
-28,15,27
-29,15,27
-30,16,27
-31,16,26
-33,16,26
-34,17,25
-35,17,25
-36,18,24
-38,18,24
-39,19,23
-40,19,23
-41,20,22
-42,21,21
-43,21,21
-44,22,20
-45,23,19
-46,24,18
-47,25,17
-47,25,16
-48,26,15
-49,27,14
-49,28,13
-50,29,12
-51,30,12
-52,31,11
-53,32,10
-54,32,9
-55,33,9
-56,34,8
-57,35,8
-58,36,7
-59,37,6
-60,38,5
-60,39,4
-60,40,3
-60,41,2
-61,42,1
-61,43,0
-61,44,0
-61,45,-1
-62,46,-2
-62,48,-3
-62,49,-4
-62,49,-6
-62,50,-7
-61,52,-7
-60,53,-7
-59,54,-7
-58,56,-7
-57,57,-8
-56,58,-8
-55,59,-9
-54,60,-9
-53,61,-10
-53,61,-10
-52,62,-11
-51,63,-11
-50,64,-12
-49,65,-12
-48,65,-13
-47,66,-14
-47,67,-15
-47,68,-15
-47,69,-16
-47,70,-17
-47,71,-18
-48,72,-19
-48,73,-20
-48,74,-21
-48,75,-21
-48,76,-22
-48,76,-23
-47,77,-24
-47,78,-25
-47,79,-26
-47,80,-26
-47,80,-27
-46,81,-28
-46,82,-29
-46,83,-29
-45,84,-30
-45,84,-31
-44,85,-31
-43,86,-31
-43,86,-31
-42,87,-31
-41,88,-32
-40,88,-32
-15,13,27
-17,14,27
-20,14,27
-23,14,27
-25,14,27
-28,15,26
-31,15,26
-33,16,25
-36,17,24
-38,18,23
-40,19,22
-43,20,21
-45,22,19
-46,24,17
-48,25,15
-49,27,13
-51,29,12
-53,31,10
-55,32,9
-57,34,7
-59,36,6
-60,38,4
-60,40,2
-60,42,0
-61,44,-1
-61,46,-2
-61,48,-4
-61,48,-5
-61,49,-7
-61,50,-8
-59,53,-7
-57,56,-8
-55,58,-9
-54,60,-10
-52,61,-11
-50,63,-12
-48,65,-13
-47,66,-15
-47,68,-16
-47,70,-18
-47,72,-20
-48,74,-21
-47,75,-23
-47,77,-25
-46,80,-28
-12,12,26
-14,13,26
-15,13,26
-16,13,26
-18,13,26
-19,13,26
-21,13,26
-22,14,26
-23,14,26
-25,14,26
-26,14,26
-27,14,26
-29,14,26
-30,15,26
-31,15,25
-33,15,25
-34,16,25
-35,16,24
-36,17,24
-38,17,23
-39,18,23
-40,18,22
-41,19,21
-42,19,21
-43,20,20
-44,21,19
-45,22,18
-46,22,17
-47,23,16
-47,24,15
-48,25,14
-49,26,14
-50,27,13
-51,28,12
-52,29,11
-53,29,10
-54,30,9
-54,31,9
-55,32,8
-56,33,7
-57,34,6
-58,35,6
-59,36,5
-60,37,4
-61,38,3
-61,39,2
-60,40,1
-60,41,0
-60,42,0
-61,43,-1
-61,44,-2
-60,45,-2
-60,47,-3
-60,48,-5
-61,48,-6
-60,49,-8
-59,51,-8
-58,52,-7
-57,53,-7
-57,54,-8
-56,55,-8
-55,57,-9
-55,58,-10
-54,59,-10
-53,60,-11
-52,60,-11
-52,61,-12
-51,62,-12
-50,63,-13
-49,64,-13
-48,65,-14
-47,65,-15
-47,66,-15
-47,67,-16
-47,68,-17
-47,69,-18
-47,70,-19
-47,71,-20
-47,72,-20
-47,73,-21
-47,74,-22
-47,75,-23
-47,75,-24
-47,76,-25
-47,77,-25
-46,78,-26
-46,79,-27
-46,79,-28
-46,80,-29
-45,81,-29
-45,82,-30
-45,83,-31
-44,83,-31
-44,84,-32
-43,85,-32
-42,87,-32
-40,87,-33
-32,14,25
-34,15,24
-37,16,23
-39,17,22
-42,18,21
-44,20,19
-46,21,17
-47,23,16
-49,25,14
-51,27,12
-53,28,10
-54,30,9
-56,32,7
-58,34,5
-60,35,4
-61,36,3
-61,38,2
-61,39,1
-60,40,0
-60,42,-1
-60,44,-3
-59,47,-4
-60,47,-6
-60,48,-7
-59,49,-8
-58,51,-8
-57,52,-7
-57,53,-8
-55,55,-9
-12,11,26
-13,12,25
-15,12,25
-16,12,25
-17,12,25
-19,13,25
-20,13,25
-22,13,25
-23,13,25
-24,13,25
-26,13,25
-27,13,25
-28,13,25
-30,13,25
-31,14,25
-32,14,24
-34,14,24
-35,15,23
-36,15,23
-37,16,22
-39,16,22
-40,17,21
-41,17,21
-42,18,20
-43,19,19
-44,20,18
-45,20,18
-46,21,17
-47,22,16
-48,23,15
-49,24,14
-49,24,13
-50,25,12
-51,26,11
-52,27,11
-53,28,10
-54,29,9
-55,30,8
-56,31,7
-56,32,6
-57,33,5
-58,34,4
-59,34,4
-60,35,3
-61,36,2
-61,38,1
-60,39,0
-60,40,0
-60,41,-1
-60,42,-2
-60,43,-3
-60,44,-3
-59,45,-4
-59,47,-5
-59,47,-6
-59,48,-8
-58,49,-8
-57,51,-8
-56,52,-8
-56,53,-8
-55,54,-9
-55,55,-10
-54,56,-10
-54,57,-11
-53,58,-12
-52,59,-12
-52,60,-13
-51,61,-13
-50,62,-14
-49,63,-15
-48,64,-15
-48,65,-16
-47,65,-16
-47,66,-17
-47,67,-18
-47,68,-19
-47,69,-19
-47,70,-20
-47,71,-21
-47,72,-22
-47,73,-23
-46,74,-23
-46,74,-24
-46,75,-25
-46,76,-26
-45,77,-27
-45,78,-27
-45,78,-28
-45,79,-29
-45,80,-30
-44,81,-30
-44,82,-31
-44,82,-32
-43,83,-32
-43,84,-32
-42,85,-32
-41,86,-32
-41,86,-32
-14,12,25
-17,12,25
-19,12,25
-22,12,25
-25,13,25
-28,13,25
-30,13,24
-33,14,24
-36,14,23
-38,15,22
-40,17,21
-43,18,19
-45,19,18
-47,21,16
-48,22,14
-50,24,12
-52,26,11
-54,28,9
-56,30,7
-57,32,5
-58,34,4
-61,35,2
-61,37,0
-60,40,-1
-60,42,-3
-59,44,-4
-58,46,-6
-58,48,-8
-56,51,-8
-55,53,-9
-54,55,-11
-53,57,-12
-52,59,-13
-50,61,-14
-49,63,-15
-47,65,-17
-47,66,-18
-47,68,-19
-46,75,-26
-12,10,25
-13,11,25
-14,11,24
-16,12,24
-17,12,24
-19,12,24
-20,12,24
-21,12,24
-23,12,24
-24,12,24
-25,12,24
-27,12,24
-28,12,24
-29,13,24
-31,13,24
-32,13,23
-33,13,23
-35,14,23
-36,14,22
-37,15,22
-39,15,21
-40,16,21
-41,16,20
-42,17,19
-43,17,19
-44,18,18
-45,19,17
-46,20,16
-47,20,15
-48,21,14
-49,22,13
-50,23,12
-51,24,11
-52,25,11
-53,26,10
-54,27,9
-55,28,8
-56,28,8
-57,29,7
-57,30,6
-58,31,4
-58,33,3
-59,33,3
-60,34,2
-61,35,1
-61,36,0
-61,37,0
-61,39,-1
-61,40,-2
-60,41,-3
-60,42,-4
-59,43,-4
-58,44,-5
-58,45,-6
-58,46,-7
-57,47,-8
-57,48,-8
-56,50,-8
-55,51,-8
-55,52,-9
-55,53,-10
-54,54,-11
-54,55,-11
-54,56,-12
-53,57,-13
-52,58,-13
-52,59,-14
-51,60,-15
-50,61,-15
-49,62,-16
-48,63,-16
-48,64,-17
-47,65,-17
-47,65,-18
-47,66,-19
-47,67,-20
-47,68,-20
-47,69,-21
-46,70,-22
-46,71,-22
-46,72,-23
-46,73,-24
-45,74,-25
-45,74,-25
-45,75,-26
-45,76,-27
-45,77,-28
-44,78,-29
-44,78,-30
-44,79,-30
-43,80,-31
-43,81,-31
-43,82,-32
-42,82,-33
-41,84,-33
-40,85,-33
-34,13,22
-37,14,22
-39,15,21
-42,16,19
-44,17,18
-46,19,16
-48,20,14
-50,22,12
-51,24,11
-53,26,9
-55,27,8
-56,28,7
-57,29,6
-58,30,5
-58,31,4
-59,33,2
-60,34,1
-61,35,0
-61,36,0
-61,37,-1
-61,39,-2
-60,40,-3
-59,42,-4
-58,44,-5
-57,46,-7
-56,49,-8
-55,51,-9
-54,53,-11
-11,9,25
-13,10,24
-14,10,24
-15,11,24
-17,11,24
-18,11,23
-20,11,23
-21,11,23
-22,11,23
-24,11,23
-25,11,23
-26,11,23
-28,12,23
-29,12,23
-31,12,23
-32,12,22
-33,12,22
-35,13,22
-36,13,21
-37,13,21
-38,14,20
-40,14,20
-41,15,19
-42,15,19
-43,16,18
-45,17,17
-46,17,16
-47,18,15
-48,19,15
-48,20,14
-49,21,13
-50,22,12
-51,23,11
-52,24,10
-53,24,9
-54,25,8
-55,26,7
-56,27,7
-57,28,6
-58,29,5
-58,30,4
-58,31,3
-58,32,1
-60,33,1
-61,34,0
-61,35,-1
-61,36,-2
-61,38,-3
-60,39,-3
-60,40,-4
-59,41,-5
-58,42,-5
-58,43,-6
-57,44,-6
-57,45,-7
-56,47,-8
-56,48,-8
-55,49,-9
-55,50,-9
-54,51,-10
-54,52,-11
-54,53,-12
-54,54,-12
-53,55,-13
-53,56,-14
-52,57,-14
-52,58,-15
-51,59,-16
-50,60,-16
-49,61,-17
-49,62,-17
-48,63,-18
-47,64,-18
-47,65,-19
-47,65,-20
-46,66,-20
-46,67,-21
-46,68,-22
-46,69,-23
-46,70,-23
-45,71,-24
-45,72,-24
-45,73,-25
-44,74,-26
-44,74,-27
-44,75,-27
-44,76,-28
-44,77,-29
-43,78,-30
-43,78,-31
-43,79,-31
-42,80,-32
-42,81,-33
-41,82,-33
-41,82,-33
-40,83,-33
-40,84,-33
-39,85,-34
-13,10,24
-16,11,23
-19,11,23
-22,11,23
-24,11,23
-27,11,23
-30,11,22
-32,12,22
-35,12,21
-38,13,20
-40,14,19
-43,15,18
-45,16,16
-47,18,15
-49,20,13
-51,21,11
-52,23,9
-54,25,7
-56,27,6
-58,29,4
-58,31,1
-60,33,0
-61,35,-2
-61,38,-4
-59,40,-5
-58,42,-6
-56,44,-7
-55,47,-8
-54,49,-9
-54,51,-11
-54,53,-12
-53,55,-14
-52,57,-15
-51,59,-16
-49,61,-17
-48,63,-18
-38,85,-34
-10,8,25
-12,9,24
-14,9,23
-15,10,23
-16,10,23
-18,10,23
-19,10,23
-21,11,22
-22,11,22
-23,11,22
-25,11,22
-26,11,22
-27,11,22
-29,11,22
-30,11,22
-32,11,21
-33,11,21
-34,12,21
-36,12,20
-37,12,20
-38,13,20
-40,13,19
-41,14,18
-42,14,18
-43,15,17
-45,15,17
-46,16,16
-47,17,15
-48,18,14
-49,18,13
-50,19,12
-51,20,11
-51,21,10
-52,22,9
-53,23,8
-54,24,7
-55,25,6
-56,26,6
-57,27,5
-58,28,4
-58,29,3
-58,30,2
-58,31,0
-59,32,0
-60,33,-1
-60,34,-2
-61,35,-3
-61,36,-4
-60,38,-5
-59,39,-5
-59,40,-6
-58,41,-6
-57,42,-7
-56,43,-7
-56,44,-8
-55,46,-8
-55,47,-9
-54,48,-9
-54,49,-10
-54,50,-11
-54,51,-12
-54,52,-13
-53,53,-13
-53,54,-14
-53,55,-15
-52,56,-15
-52,57,-16
-51,58,-17
-50,59,-17
-50,60,-18
-49,61,-18
-48,62,-19
-47,63,-19
-47,64,-20
-46,65,-20
-46,66,-21
-46,66,-22
-46,67,-22
-46,68,-23
-45,69,-24
-45,70,-24
-44,71,-25
-44,72,-25
-44,73,-26
-43,74,-27
-43,74,-28
-43,75,-29
-43,76,-29
-42,77,-30
-42,78,-31
-42,78,-32
-41,79,-32
-41,80,-33
-40,81,-33
-40,82,-34
-39,83,-34
-39,83,-34
-38,84,-34
-11,7,24
-14,9,23
-33,11,20
-36,12,20
-39,12,19
-41,13,18
-44,14,17
-46,16,15
-48,16,14
-49,17,13
-50,18,12
-50,19,11
-51,20,10
-52,21,9
-53,22,8
-53,23,7
-55,25,5
-57,27,4
-58,28,3
-58,29,2
-58,31,0
-59,33,-2
-60,34,-3
-60,35,-4
-60,36,-5
-60,38,-6
-58,40,-6
-57,42,-7
-55,45,-8
-54,47,-10
-54,49,-11
-54,51,-13
-12,7,23
-13,8,22
-15,9,22
-16,10,22
-18,10,22
-19,10,22
-20,10,21
-22,10,21
-23,10,21
-24,10,21
-26,10,21
-27,10,21
-29,10,21
-30,10,21
-31,10,20
-33,10,20
-34,11,20
-35,11,19
-37,11,19
-38,11,19
-39,12,18
-41,12,18
-42,13,17
-43,13,16
-45,14,16
-46,15,15
-47,15,14
-48,16,13
-49,17,12
-50,18,11
-51,19,10
-52,20,9
-52,21,8
-53,22,7
-54,23,6
-54,24,5
-55,25,4
-56,26,4
-57,27,3
-58,28,2
-58,29,0
-58,30,0
-58,31,-1
-59,32,-2
-59,33,-3
-59,34,-4
-60,35,-5
-60,37,-6
-59,38,-6
-58,39,-7
-57,40,-7
-57,41,-8
-56,42,-8
-55,43,-9
-55,45,-9
-54,46,-10
-54,47,-10
-54,48,-11
-54,49,-12
-53,50,-13
-53,51,-14
-53,52,-14
-53,53,-15
-52,54,-16
-52,55,-16
-51,56,-17
-51,57,-18
-50,58,-18
-50,59,-19
-49,60,-19
-48,61,-20
-48,62,-20
-47,63,-21
-46,64,-21
-46,65,-22
-45,66,-22
-45,66,-23
-45,67,-24
-45,68,-25
-44,69,-25
-44,70,-26
-43,71,-26
-43,72,-27
-42,73,-27
-42,74,-28
-42,74,-29
-42,75,-30
-42,76,-31
-41,77,-31
-41,78,-32
-40,78,-33
-40,79,-33
-39,80,-34
-39,81,-34
-38,82,-34
-37,83,-34
-37,84,-35
-12,7,23
-15,9,21
-18,10,21
-21,10,21
-24,10,21
-26,10,20
-29,10,20
-32,10,20
-34,10,19
-37,11,18
-40,11,17
-43,12,16
-45,13,15
-48,15,14
-50,17,12
-52,19,10
-53,21,7
-54,23,5
-55,25,3
-57,27,1
-58,29,0
-58,31,-2
-59,33,-3
-59,35,-6
-58,38,-7
-57,40,-8
-55,42,-9
-54,45,-10
-54,47,-11
-53,49,-13
-53,51,-14
-53,53,-16
-52,55,-17
-50,57,-18
-49,59,-19
-48,61,-20
-47,63,-22
-41,77,-32
-40,79,-33
-39,80,-34
-37,82,-35
-11,6,23
-13,7,22
-14,8,21
-16,9,21
-17,9,21
-19,9,21
-20,9,20
-21,9,20
-23,9,20
-24,9,20
-26,9,20
-27,9,20
-28,9,20
-30,10,19
-31,10,19
-32,10,19
-34,10,19
-35,10,18
-36,10,18
-38,10,18
-39,11,17
-40,11,17
-42,11,16
-43,12,16
-45,12,15
-46,13,14
-47,14,14
-49,14,13
-50,15,12
-51,16,11
-52,17,10
-52,18,9
-53,19,8
-54,21,6
-54,22,5
-54,23,4
-55,24,3
-56,25,2
-56,26,1
-57,27,0
-58,28,0
-58,29,-1
-58,30,-2
-58,31,-3
-58,32,-3
-58,33,-4
-58,35,-5
-59,36,-7
-58,37,-7
-58,38,-8
-57,39,-8
-56,40,-9
-56,41,-9
-55,43,-10
-54,44,-10
-54,45,-11
-53,46,-11
-53,47,-12
-53,48,-13
-53,49,-14
-53,50,-15
-53,51,-15
-53,52,-16
-52,53,-17
-52,54,-17
-51,55,-18
-51,56,-19
-50,57,-19
-49,58,-20
-49,59,-20
-48,60,-21
-48,61,-21
-47,62,-22
-46,63,-22
-46,64,-23
-45,65,-23
-45,66,-24
-44,66,-24
-44,67,-25
-44,68,-26
-43,69,-26
-43,70,-27
-42,71,-27
-42,72,-28
-41,73,-28
-41,74,-29
-41,74,-30
-41,75,-31
-40,76,-32
-40,77,-32
-39,78,-33
-39,79,-34
-38,80,-34
-38,81,-34
-37,82,-35
-36,83,-35
-35,84,-35
-12,6,22
-14,7,21
-33,9,18
-35,10,18
-38,10,17
-41,11,16
-44,12,15
-45,12,14
-47,13,14
-48,13,13
-49,14,12
-51,15,11
-52,16,10
-52,17,9
-53,18,8
-54,19,7
-54,20,5
-54,22,4
-55,23,3
-56,25,1
-57,27,0
-58,28,-1
-58,29,-2
-58,30,-3
-58,31,-4
-58,34,-5
-58,36,-7
-57,38,-8
-56,40,-9
-54,43,-10
-53,45,-12
-53,47,-13
-35,83,-35
-11,5,23
-13,6,21
-14,7,21
-16,8,20
-17,8,20
-19,9,20
-20,9,19
-21,9,19
-23,9,19
-24,9,19
-25,9,19
-27,9,19
-28,9,19
-29,9,18
-30,9,18
-32,9,18
-33,9,18
-35,9,17
-36,9,17
-37,9,17
-39,10,16
-40,10,16
-42,10,15
-43,11,15
-44,11,14
-46,12,14
-47,12,13
-49,13,12
-50,14,11
-51,15,10
-52,16,9
-53,17,8
-54,18,7
-54,19,6
-54,20,4
-55,21,3
-55,23,2
-55,24,1
-55,25,0
-56,26,0
-57,27,-1
-58,28,-2
-58,29,-3
-58,30,-4
-58,31,-5
-57,33,-5
-57,34,-6
-57,35,-7
-57,36,-8
-57,37,-9
-56,38,-9
-56,39,-10
-55,40,-10
-54,42,-11
-54,43,-11
-53,44,-12
-53,45,-12
-53,46,-13
-53,47,-14
-53,48,-15
-53,49,-16
-53,50,-16
-52,51,-17
-52,52,-18
-52,53,-18
-51,54,-19
-51,55,-20
-50,56,-20
-49,57,-21
-49,58,-21
-48,59,-22
-48,60,-22
-47,61,-23
-46,62,-23
-46,63,-24
-45,64,-24
-44,65,-25
-44,66,-25
-44,66,-26
-43,67,-26
-43,68,-27
-42,69,-27
-42,70,-28
-41,71,-28
-41,72,-29
-40,73,-30
-40,74,-30
-40,74,-31
-39,75,-32
-39,76,-33
-39,77,-33
-38,78,-34
-37,79,-35
-37,80,-35
-36,81,-35
-35,83,-35
-11,4,22
-12,5,22
-15,7,20
-18,8,19
-20,9,19
-23,9,19
-26,9,18
-28,9,18
-31,9,17
-34,9,17
-36,9,16
-39,9,16
-42,10,15
-45,11,13
-48,12,12
-50,12,11
-51,13,10
-52,14,9
-53,15,8
-54,17,7
-54,18,6
-55,20,3
-55,23,1
-55,25,0
-57,27,-2
-58,29,-4
-57,31,-5
-57,34,-7
-57,36,-9
-56,38,-10
-54,41,-11
-53,43,-12
-53,45,-13
-53,47,-15
-53,49,-16
-52,51,-18
-51,53,-19
-50,55,-20
-49,57,-21
-48,59,-22
-39,75,-33
-38,77,-34
-36,79,-35
-34,82,-35
-33,84,-36
-11,3,22
-13,5,21
-14,6,20
-16,7,19
-17,8,19
-18,8,19
-20,8,18
-21,8,18
-22,8,18
-24,8,18
-25,8,18
-26,8,18
-27,8,18
-29,8,17
-30,8,17
-31,8,17
-33,8,17
-34,8,16
-35,9,16
-37,9,16
-38,9,15
-40,9,15
-41,9,14
-43,9,14
-44,10,13
-46,10,13
-47,11,12
-49,11,11
-50,12,11
-52,13,10
-53,14,8
-54,15,7
-54,16,6
-55,18,5
-55,19,3
-55,20,2
-55,21,1
-55,23,0
-55,24,0
-55,25,-1
-56,26,-2
-57,27,-3
-57,28,-4
-57,29,-5
-57,30,-6
-57,32,-6
-56,33,-7
-56,34,-8
-56,35,-9
-56,36,-10
-56,37,-10
-55,38,-11
-55,40,-11
-54,41,-12
-53,42,-12
-53,43,-13
-53,44,-14
-53,45,-14
-53,46,-15
-53,47,-16
-52,48,-17
-52,49,-17
-52,50,-18
-52,51,-19
-51,52,-19
-51,53,-20
-50,55,-20
-50,55,-21
-49,56,-22
-49,57,-22
-48,58,-23
-47,59,-23
-47,60,-24
-46,61,-24
-46,62,-25
-45,63,-25
-44,64,-25
-44,65,-26
-43,66,-26
-43,67,-27
-42,67,-27
-42,68,-28
-41,69,-28
-40,70,-29
-40,71,-29
-39,72,-30
-39,73,-31
-39,74,-32
-39,75,-32
-38,75,-33
-38,76,-34
-37,77,-34
-36,78,-35
-35,80,-35
-34,81,-35
-33,82,-36
-14,5,20
-35,8,15
-37,8,15
-40,9,14
-43,9,13
-45,9,13
-46,10,12
-48,10,11
-50,11,10
-51,12,10
-52,13,9
-53,14,7
-54,15,6
-55,16,5
-55,18,4
-55,19,2
-55,20,1
-55,21,0
-55,23,0
-55,25,-2
-56,27,-4
-57,28,-5
-57,29,-6
-56,32,-7
-56,34,-9
-55,36,-10
-13,4,20
-14,6,19
-16,6,18
-17,7,18
-18,8,18
-19,8,17
-21,8,17
-22,8,17
-23,8,17
-25,8,17
-26,8,17
-27,8,16
-28,8,16
-30,8,16
-31,8,16
-32,8,15
-34,8,15
-35,8,15
-36,8,14
-38,8,14
-39,8,14
-41,8,13
-42,8,13
-44,8,12
-45,9,12
-47,9,11
-49,10,10
-50,10,10
-52,11,9
-53,12,7
-54,14,6
-55,15,5
-55,16,4
-55,18,2
-55,19,1
-55,20,0
-55,21,0
-55,23,-1
-55,24,-2
-55,25,-3
-56,26,-4
-56,27,-5
-57,28,-6
-56,29,-7
-56,31,-7
-55,32,-8
-55,33,-8
-55,34,-9
-55,35,-10
-55,36,-11
-54,38,-11
-54,39,-12
-53,40,-13
-53,41,-13
-53,42,-14
-53,43,-15
-52,44,-15
-52,45,-16
-52,46,-17
-52,47,-17
-52,48,-18
-52,49,-19
-51,50,-20
-51,51,-20
-51,53,-21
-50,54,-21
-50,55,-22
-49,56,-23
-48,56,-23
-48,57,-24
-47,58,-24
-47,59,-25
-46,60,-25
-45,61,-25
-45,62,-26
-44,63,-26
-43,64,-27
-43,65,-27
-42,66,-28
-42,67,-28
-41,67,-28
-40,68,-29
-40,69,-29
-39,70,-30
-39,71,-30
-38,72,-31
-38,73,-32
-38,74,-33
-37,75,-33
-37,76,-34
-36,77,-35
-35,78,-35
-34,79,-35
-33,80,-36
-32,82,-36
-12,3,20
-15,6,18
-17,7,17
-25,8,16
-28,7,16
-30,7,15
-33,7,15
-35,7,14
-38,8,13
-41,8,12
-44,8,11
-48,9,10
-49,9,9
-51,10,8
-52,11,7
-54,12,6
-54,13,5
-55,15,4
-55,16,2
-56,18,1
-55,20,0
-55,23,-2
-55,25,-4
-56,27,-6
-56,30,-7
-55,32,-8
-55,34,-10
-54,37,-12
-53,39,-13
-53,41,-14
-52,43,-15
-52,45,-17
-52,47,-18
-51,49,-20
-51,51,-21
-50,54,-22
-49,56,-23
-47,57,-24
-46,59,-25
-45,61,-26
-37,74,-33
-36,76,-34
-34,78,-35
-32,81,-36
-13,4,20
-14,5,19
-16,6,18
-17,7,17
-18,7,17
-19,7,16
-21,7,16
-22,7,16
-23,7,16
-24,7,16
-26,7,16
-27,7,15
-28,7,15
-29,7,15
-31,7,15
-32,7,14
-33,7,14
-35,7,14
-36,7,13
-37,7,13
-39,7,12
-40,7,12
-42,7,11
-43,8,11
-45,8,10
-47,8,10
-48,8,9
-50,9,8
-51,10,7
-53,11,6
-54,12,5
-55,13,4
-55,15,2
-56,16,1
-56,18,0
-56,19,0
-55,20,-1
-55,22,-2
-55,23,-3
-55,24,-4
-55,25,-5
-55,26,-6
-55,27,-7
-55,29,-8
-55,30,-8
-54,31,-9
-54,32,-9
-54,33,-10
-54,34,-11
-54,36,-12
-53,37,-12
-53,38,-13
-53,39,-13
-53,40,-14
-52,41,-15
-52,42,-16
-52,43,-16
-52,44,-17
-52,45,-18
-52,46,-18
-51,47,-19
-51,48,-20
-51,49,-21
-51,50,-21
-50,52,-22
-50,53,-22
-49,54,-23
-49,55,-24
-48,56,-24
-48,57,-25
-47,57,-25
-47,58,-25
-46,59,-26
-45,60,-26
-45,61,-27
-44,62,-27
-43,63,-28
-43,64,-28
-42,65,-28
-41,66,-29
-41,67,-29
-40,68,-29
-39,68,-30
-39,69,-30
-38,70,-31
-38,71,-31
-37,72,-32
-37,73,-33
-36,74,-34
-36,75,-34
-35,76,-35
-34,77,-35
-33,78,-36
-32,80,-36
-14,4,19
-36,7,12
-39,7,12
-41,7,11
-42,7,11
-44,7,10
-45,7,9
-47,7,9
-49,8,8
-51,9,7
-52,9,6
-53,11,5
-54,12,4
-55,13,2
-56,15,1
-56,16,0
-56,18,0
-55,19,-1
-55,20,-2
-54,23,-4
-55,25,-6
-55,28,-8
-54,30,-9
-53,33,-10
-53,35,-12
-32,79,-36
-13,2,19
-15,4,18
-16,5,17
-17,6,16
-18,6,16
-19,7,16
-20,7,15
-22,7,15
-23,7,15
-24,7,15
-25,7,14
-26,7,14
-28,7,14
-29,7,14
-30,7,13
-31,7,13
-33,7,13
-34,7,12
-35,7,12
-37,7,12
-38,7,11
-40,7,11
-41,7,10
-43,7,10
-44,7,9
-46,7,8
-48,7,8
-49,8,7
-51,8,6
-52,9,5
-54,10,4
-55,12,2
-55,13,1
-56,15,0
-56,16,0
-56,18,-1
-55,19,-2
-55,21,-3
-54,22,-4
-54,23,-5
-54,24,-6
-54,26,-7
-54,27,-8
-54,28,-8
-54,29,-9
-54,30,-9
-53,32,-10
-53,33,-10
-53,34,-11
-53,35,-12
-52,36,-13
-52,37,-14
-52,38,-14
-52,39,-15
-52,40,-16
-52,41,-16
-52,42,-17
-51,43,-18
-51,44,-19
-51,45,-19
-51,46,-20
-51,47,-21
-51,48,-21
-50,49,-22
-50,51,-23
-49,52,-23
-49,53,-24
-48,54,-24
-48,55,-25
-47,56,-25
-47,57,-26
-46,57,-26
-46,58,-27
-45,59,-27
-44,60,-28
-44,61,-28
-43,62,-28
-42,63,-29
-42,64,-29
-41,65,-29
-40,66,-30
-40,67,-30
-39,68,-30
-38,68,-31
-38,69,-31
-37,70,-32
-37,71,-33
-36,72,-33
-36,73,-34
-35,74,-35
-34,75,-35
-33,76,-36
-32,78,-36
-31,79,-36
-14,3,18
-15,4,17
-27,7,14
-29,7,13
-32,6,12
-34,6,12
-37,6,11
-40,6,10
-43,6,9
-46,7,7
-48,7,7
-50,7,6
-51,8,5
-53,9,4
-54,10,2
-55,11,2
-55,12,1
-56,13,0
-56,15,-1
-56,16,-2
-55,18,-3
-54,21,-4
-54,23,-6
-54,26,-7
-54,28,-9
-53,31,-10
-52,33,-11
-52,35,-13
-52,37,-14
-52,39,-16
-51,41,-17
-51,43,-19
-51,45,-20
-50,47,-22
-50,50,-23
-49,52,-24
-48,54,-25
-47,56,-26
-46,58,-27
-45,59,-28
-43,61,-29
-36,72,-34
-34,74,-35
-32,77,-36
-31,79,-37
-15,3,17
-16,4,16
-17,5,15
-18,6,15
-19,6,15
-20,7,14
-21,7,14
-23,7,14
-24,7,14
-25,7,13
-26,6,13
-27,6,13
-28,6,13
-30,6,12
-31,6,12
-32,6,12
-33,6,11
-35,6,11
-36,6,10
-37,6,10
-39,6,9
-40,6,9
-42,6,8
-43,6,8
-45,6,7
-47,6,6
-48,7,5
-50,7,4
-52,8,3
-53,9,2
-54,10,1
-55,12,0
-56,13,-1
-56,15,-2
-55,17,-3
-55,18,-4
-55,20,-5
-54,21,-5
-54,22,-6
-53,23,-7
-53,25,-8
-53,26,-8
-53,27,-9
-53,28,-10
-53,30,-10
-52,31,-11
-52,32,-11
-52,33,-12
-51,34,-13
-51,35,-13
-51,36,-14
-51,37,-15
-51,38,-16
-51,39,-17
-51,40,-17
-51,41,-18
-51,42,-19
-51,43,-20
-51,44,-20
-51,45,-21
-50,46,-22
-50,47,-22
-50,49,-23
-49,50,-24
-49,51,-24
-48,52,-25
-48,53,-25
-48,54,-26
-47,55,-26
-47,56,-27
-46,57,-27
-45,58,-28
-45,58,-28
-44,59,-29
-44,60,-29
-43,61,-29
-42,62,-30
-42,63,-30
-41,64,-30
-40,65,-31
-39,66,-31
-39,67,-31
-38,68,-32
-37,69,-32
-37,70,-32
-36,70,-33
-35,71,-34
-35,72,-34
-34,73,-35
-33,75,-35
-33,76,-36
-31,77,-36
-30,78,-37
-15,2,17
-35,6,10
-38,6,9
-41,6,8
-42,6,7
-44,6,7
-45,6,6
-47,6,5
-49,6,4
-50,7,3
-52,8,2
-53,9,1
-54,10,0
-55,12,-1
-55,14,-2
-55,15,-3
-55,17,-4
-55,18,-5
-54,20,-6
-54,21,-6
-53,24,-8
-53,26,-9
-52,29,-11
-51,31,-11
-51,33,-12
-30,77,-37
-15,2,16
-16,4,15
-17,5,15
-18,5,14
-19,6,14
-20,6,13
-21,6,13
-22,6,13
-23,6,13
-24,6,12
-26,6,12
-27,6,12
-28,6,12
-29,6,11
-30,6,11
-32,6,10
-33,6,10
-34,6,10
-35,6,9
-37,6,9
-38,6,8
-40,6,8
-41,6,7
-43,6,6
-44,6,6
-46,6,5
-47,6,4
-49,6,3
-51,7,2
-52,8,1
-53,9,0
-54,11,-1
-55,12,-2
-55,14,-3
-55,15,-4
-55,17,-5
-54,19,-6
-54,20,-6
-53,21,-7
-53,23,-8
-53,24,-8
-52,25,-9
-52,26,-10
-52,28,-11
-52,29,-11
-51,30,-11
-51,31,-12
-50,32,-12
-50,34,-13
-50,35,-14
-50,35,-15
-51,36,-16
-51,37,-17
-51,38,-17
-51,39,-18
-50,40,-19
-50,41,-20
-50,42,-20
-50,43,-21
-50,44,-22
-50,45,-23
-49,46,-23
-49,48,-24
-49,49,-24
-48,50,-25
-48,51,-26
-48,52,-26
-47,53,-27
-47,54,-27
-46,55,-28
-46,56,-28
-45,57,-29
-45,58,-29
-44,59,-29
-43,59,-30
-43,60,-30
-42,61,-31
-41,62,-31
-41,63,-31
-40,64,-31
-39,65,-32
-38,66,-32
-38,67,-32
-37,68,-33
-36,69,-33
-35,70,-33
-35,71,-34
-34,72,-35
-34,73,-35
-33,74,-36
-32,75,-36
-31,76,-37
-16,3,15
-28,6,11
-31,6,10
-33,6,9
-36,5,8
-38,5,7
-41,5,6
-45,5,5
-46,5,4
-48,6,3
-49,6,2
-51,7,0
-52,8,0
-53,9,0
-53,9,-1
-54,11,-2
-55,12,-3
-55,14,-5
-55,16,-5
-54,19,-7
-53,22,-8
-52,24,-9
-52,27,-11
-51,29,-12
-50,32,-12
-50,34,-14
-50,36,-16
-50,37,-18
-50,39,-19
-50,41,-21
-50,43,-22
-49,46,-23
-49,48,-25
-48,50,-26
-47,52,-27
-46,54,-28
-45,56,-29
-44,58,-30
-43,59,-30
-33,73,-36
-31,75,-37
-30,76,-37
-17,3,14
-18,4,14
-19,5,13
-21,6,12
-22,6,12
-23,6,12
-24,6,11
-25,6,11
-26,6,11
-27,6,10
-29,6,10
-30,6,10
-31,6,9
-32,5,9
-33,5,8
-35,5,8
-36,5,7
-37,5,7
-39,5,6
-40,5,6
-42,5,5
-43,5,4
-45,5,3
-46,5,3
-48,6,1
-49,6,0
-51,7,0
-52,8,-1
-53,9,-2
-54,11,-4
-54,13,-5
-54,14,-6
-54,16,-6
-53,18,-7
-53,19,-8
-52,20,-8
-52,22,-9
-52,23,-9
-52,24,-10
-51,26,-11
-51,27,-11
-51,28,-12
-50,29,-12
-50,30,-13
-49,32,-13
-49,33,-14
-49,34,-15
-50,35,-16
-50,36,-17
-50,37,-18
-50,37,-18
-50,38,-19
-50,39,-20
-50,40,-21
-50,41,-21
-49,42,-22
-49,43,-23
-49,45,-23
-49,46,-24
-49,47,-25
-48,48,-25
-48,49,-26
-47,50,-26
-47,51,-27
-47,52,-27
-46,53,-28
-46,54,-28
-45,55,-29
-45,56,-29
-44,57,-30
-44,58,-30
-43,59,-31
-42,60,-31
-42,60,-31
-41,61,-32
-40,62,-32
-40,63,-32
-39,64,-33
-38,65,-33
-37,66,-33
-37,67,-33
-36,68,-34
-35,69,-34
-34,70,-35
-34,71,-35
-33,72,-36
-32,73,-36
-31,74,-37
-30,75,-37
-36,5,7
-39,5,5
-41,5,5
-42,5,4
-44,5,3
-45,5,2
-47,5,1
-48,6,0
-50,6,0
-51,7,-1
-52,8,-2
-53,10,-4
-54,11,-5
-54,13,-6
-54,15,-7
-53,16,-7
-53,18,-8
-52,19,-9
-51,22,-10
-51,25,-11
-50,27,-12
-50,29,-13
-48,32,-14
-49,34,-16
-17,3,13
-18,4,13
-18,4,12
-19,5,12
-20,5,11
-21,6,11
-22,6,11
-23,6,11
-24,6,10
-25,6,10
-26,6,10
-27,6,9
-28,5,9
-29,5,9
-30,5,8
-32,5,8
-33,5,7
-34,5,7
-35,5,6
-37,5,6
-38,5,5
-39,5,4
-41,5,4
-42,5,3
-44,5,2
-45,5,1
-47,5,0
-48,6,0
-50,6,-1
-51,7,-3
-52,9,-4
-53,10,-5
-53,12,-6
-53,13,-7
-53,15,-8
-53,17,-8
-52,18,-9
-52,20,-9
-51,21,-10
-51,22,-10
-51,24,-11
-50,25,-12
-50,26,-12
-50,27,-13
-49,28,-13
-49,30,-14
-48,31,-14
-48,32,-15
-48,33,-16
-49,34,-17
-49,35,-17
-49,36,-18
-49,37,-19
-49,38,-20
-49,39,-21
-49,40,-21
-49,41,-22
-49,42,-23
-49,43,-24
-48,44,-24
-48,45,-25
-48,46,-26
-48,47,-26
-47,48,-27
-47,49,-27
-46,50,-28
-46,51,-28
-46,52,-29
-45,53,-29
-45,54,-30
-44,55,-30
-44,56,-31
-43,57,-31
-43,58,-31
-42,59,-32
-41,60,-32
-41,60,-32
-40,61,-33
-39,62,-33
-39,63,-33
-38,64,-34
-37,65,-34
-36,66,-34
-35,67,-34
-35,68,-35
-34,69,-35
-33,70,-35
-32,71,-36
-31,72,-36
-31,73,-37
-29,5,8
-32,5,7
-34,5,6
-37,5,5
-40,5,3
-42,5,2
-45,5,0
-47,5,0
-48,6,-1
-50,7,-3
-51,8,-4
-52,9,-5
-53,10,-6
-53,12,-7
-53,14,-8
-52,17,-9
-51,20,-10
-50,23,-11
-50,25,-12
-49,28,-13
-48,30,-14
-48,32,-16
-48,34,-17
-49,36,-19
-49,38,-21
-49,40,-22
-48,42,-24
-48,44,-25
-47,46,-26
-47,48,-27
-46,50,-28
-45,52,-29
-44,54,-30
-43,56,-31
-42,58,-32
-32,71,-36
-30,73,-37
-18,3,12
-19,4,11
-21,5,10
-22,6,10
-23,6,9
-24,6,9
-25,6,9
-26,5,8
-27,5,8
-29,5,7
-30,5,7
-31,5,7
-32,5,6
-33,5,6
-35,5,5
-36,5,5
-37,5,4
-38,5,3
-40,4,2
-41,4,2
-43,4,1
-44,5,0
-46,5,0
-47,5,-1
-48,6,-3
-50,7,-4
-51,8,-5
-52,9,-6
-52,11,-7
-52,13,-8
-52,14,-9
-52,16,-10
-51,17,-10
-51,19,-10
-50,20,-11
-50,22,-11
-50,23,-12
-49,24,-12
-49,25,-13
-49,27,-14
-49,28,-14
-48,29,-15
-48,30,-15
-47,31,-16
-48,32,-17
-48,33,-17
-48,34,-18
-48,35,-19
-48,36,-20
-48,37,-21
-48,38,-22
-48,39,-22
-48,40,-23
-48,41,-24
-48,42,-24
-48,43,-25
-47,44,-26
-47,45,-26
-47,46,-27
-46,47,-27
-46,48,-28
-46,49,-28
-45,50,-29
-45,51,-29
-44,52,-30
-44,53,-30
-44,54,-31
-43,55,-31
-43,56,-32
-42,57,-32
-42,58,-33
-41,59,-33
-40,60,-33
-40,60,-34
-39,61,-34
-38,62,-34
-37,63,-34
-37,64,-34
-36,65,-35
-35,66,-35
-34,67,-35
-33,68,-36
-33,69,-36
-32,70,-36
-31,71,-37
-30,72,-37
-37,4,3
-40,4,1
-41,4,1
-43,4,0
-44,5,0
-46,5,-1
-47,6,-3
-48,6,-4
-49,7,-5
-50,8,-6
-51,10,-7
-52,11,-8
-52,13,-9
-51,15,-10
-51,16,-10
-51,18,-11
-50,21,-12
-49,23,-13
-18,2,11
-19,3,11
-19,4,10
-20,4,10
-20,5,9
-21,5,9
-22,5,9
-23,5,8
-24,5,8
-25,5,8
-26,5,7
-27,5,7
-28,5,6
-29,5,6
-30,5,6
-31,5,5
-32,5,5
-34,5,4
-35,5,3
-36,4,3
-38,4,2
-39,4,1
-40,4,0
-42,4,0
-43,4,0
-44,5,-1
-46,5,-3
-47,6,-4
-48,6,-5
-49,7,-6
-50,9,-8
-51,10,-9
-51,12,-9
-51,14,-10
-51,15,-11
-50,17,-11
-50,18,-11
-50,20,-12
-49,21,-12
-49,22,-13
-49,23,-13
-48,25,-14
-48,26,-14
-48,27,-15
-47,28,-16
-47,29,-16
-47,30,-17
-47,31,-18
-47,32,-18
-47,33,-19
-48,34,-20
-48,35,-21
-48,36,-22
-48,37,-22
-47,38,-23
-47,39,-24
-47,40,-24
-47,41,-25
-47,42,-26
-47,43,-26
-46,44,-27
-46,45,-28
-46,46,-28
-45,47,-29
-45,48,-29
-45,49,-30
-44,50,-30
-44,51,-31
-43,52,-31
-43,53,-32
-42,54,-32
-42,55,-32
-42,56,-33
-41,57,-33
-40,58,-34
-40,59,-34
-39,60,-34
-39,60,-34
-38,61,-35
-37,62,-35
-36,63,-35
-36,64,-35
-35,65,-36
-34,66,-36
-33,67,-36
-32,68,-36
-31,69,-37
-30,70,-37
-18,2,10
-28,5,6
-30,5,5
-33,5,4
-35,5,3
-38,4,1
-40,4,0
-43,5,-2
-46,5,-4
-48,7,-6
-49,8,-7
-50,9,-9
-50,11,-10
-50,12,-10
-50,16,-11
-49,19,-12
-49,21,-13
-48,24,-14
-48,26,-15
-47,28,-16
-47,30,-18
-47,32,-19
-47,34,-21
-47,36,-22
-47,38,-24
-47,40,-25
-46,42,-26
-46,44,-28
-45,46,-29
-44,48,-30
-44,50,-31
-43,52,-32
-42,54,-32
-41,56,-33
-32,67,-37
-31,69,-37
-19,3,9
-20,4,8
-22,5,8
-23,5,7
-24,5,7
-25,5,6
-26,5,6
-27,5,5
-28,5,5
-29,5,4
-31,5,4
-32,5,3
-33,5,3
-34,5,2
-35,4,2
-37,4,1
-38,4,0
-39,4,0
-40,4,-1
-42,5,-2
-43,5,-3
-44,5,-4
-46,6,-5
-47,6,-6
-48,7,-7
-49,8,-9
-49,10,-10
-50,11,-10
-50,13,-11
-50,15,-12
-49,16,-12
-49,18,-13
-49,19,-13
-48,20,-13
-48,22,-14
-48,23,-14
-48,24,-15
-47,25,-15
-47,26,-16
-47,27,-16
-47,29,-17
-46,30,-18
-46,31,-18
-47,31,-19
-47,32,-20
-47,33,-21
-47,34,-22
-47,35,-22
-47,36,-23
-47,37,-24
-46,38,-24
-46,39,-25
-46,40,-26
-46,41,-26
-46,42,-27
-45,43,-28
-45,44,-28
-45,45,-29
-44,46,-29
-44,47,-30
-44,48,-30
-43,49,-31
-43,50,-31
-43,51,-32
-42,52,-32
-42,53,-33
-41,54,-33
-41,55,-33
-40,56,-34
-40,57,-34
-39,58,-35
-39,59,-35
-38,60,-35
-38,60,-35
-37,61,-36
-36,62,-36
-35,63,-36
-35,64,-36
-34,65,-36
-33,66,-37
-32,67,-37
-31,68,-37
-30,69,-37
-35,4,1
-38,4,0
-41,5,-2
-42,5,-3
-43,5,-4
-44,5,-5
-45,6,-6
-47,7,-7
-48,8,-8
-48,9,-10
-49,10,-10
-49,12,-11
-49,13,-12
-49,16,-13
-48,19,-14
-19,2,9
-19,2,8
-20,3,8
-20,4,7
-21,4,7
-21,5,7
-22,5,6
-23,5,6
-24,5,6
-25,5,5
-26,5,5
-27,5,4
-28,5,4
-29,5,3
-30,5,3
-31,5,2
-32,5,2
-33,5,1
-34,5,1
-36,4,0
-37,4,0
-38,4,-1
-39,4,-2
-41,5,-3
-42,5,-4
-43,5,-5
-44,6,-6
-45,6,-7
-46,7,-8
-47,8,-10
-48,9,-10
-48,11,-11
-48,12,-12
-48,14,-13
-48,16,-13
-48,17,-13
-48,18,-14
-47,20,-14
-47,21,-15
-47,22,-15
-47,23,-16
-46,25,-16
-46,26,-17
-46,27,-17
-46,28,-18
-46,29,-19
-46,30,-19
-46,31,-20
-46,32,-21
-46,33,-22
-46,34,-22
-46,34,-23
-46,35,-24
-46,36,-24
-46,37,-25
-45,38,-26
-45,39,-26
-45,40,-27
-45,41,-28
-45,42,-28
-44,43,-29
-44,44,-29
-44,45,-30
-43,46,-30
-43,47,-31
-43,48,-31
-42,49,-32
-42,50,-32
-41,51,-33
-41,52,-33
-41,53,-34
-40,54,-34
-40,55,-34
-39,56,-35
-39,57,-35
-38,58,-35
-38,59,-36
-37,59,-36
-36,60,-36
-36,61,-36
-35,62,-37
-34,63,-37
-33,64,-37
-32,65,-37
-31,66,-37
-30,67,-38
-29,5,3
-33,5,0
-36,4,0
-38,5,-2
-41,5,-4
-43,6,-6
-45,7,-8
-47,9,-10
-48,12,-12
-48,15,-13
-47,17,-14
-47,20,-15
-46,22,-16
-46,25,-17
-46,27,-18
-45,29,-19
-46,31,-21
-46,33,-22
-45,35,-24
-45,36,-25
-45,38,-26
-44,40,-28
-44,42,-29
-43,44,-30
-43,46,-31
-42,48,-32
-32,65,-37
-30,67,-38
-19,2,7
-20,2,7
-20,3,6
-21,4,6
-22,5,5
-24,5,4
-25,5,4
-26,5,3
-27,5,3
-28,5,3
-29,5,2
-30,5,1
-31,5,1
-32,5,0
-34,5,0
-35,5,0
-36,5,-1
-37,5,-2
-38,5,-3
-39,5,-4
-41,5,-5
-42,5,-6
-43,6,-7
-44,7,-8
-45,7,-9
-46,8,-10
-46,9,-11
-47,11,-12
-47,12,-13
-47,14,-13
-47,15,-14
-47,16,-14
-47,18,-15
-46,19,-15
-46,20,-16
-46,22,-16
-46,23,-17
-46,24,-17
-45,25,-18
-45,26,-18
-45,27,-19
-45,28,-20
-45,29,-20
-45,30,-21
-45,31,-22
-45,32,-22
-45,33,-23
-45,34,-24
-45,35,-24
-45,36,-25
-45,37,-26
-44,37,-26
-44,38,-27
-44,39,-28
-44,40,-28
-44,41,-29
-43,42,-29
-43,43,-30
-43,44,-30
-42,45,-31
-42,46,-31
-42,47,-32
-41,48,-32
-41,49,-33
-41,50,-33
-40,51,-34
-40,52,-34
-39,53,-34
-39,54,-35
-39,55,-35
-38,56,-36
-38,57,-36
-37,58,-36
-37,58,-36
-36,59,-37
-35,60,-37
-35,61,-37
-34,62,-37
-33,63,-37
-32,64,-38
-31,65,-38
-30,66,-38
-36,5,-2
-38,5,-4
-41,5,-6
-43,6,-8
-44,7,-9
-45,8,-10
-45,9,-11
-46,10,-12
-47,13,-14
-47,16,-15
-46,18,-15
-20,1,6
-20,2,6
-20,3,5
-20,3,5
-21,4,5
-21,4,4
-22,5,4
-23,5,4
-23,5,3
-24,5,3
-25,5,2
-26,5,2
-27,5,2
-28,5,1
-29,5,0
-30,5,0
-31,5,0
-33,5,0
-34,5,-1
-35,5,-2
-36,5,-3
-37,5,-4
-38,5,-5
-39,5,-6
-41,6,-7
-42,6,-8
-43,7,-9
-44,7,-10
-44,8,-11
-45,9,-12
-46,10,-13
-46,12,-14
-46,13,-14
-46,15,-15
-46,16,-15
-46,17,-16
-46,19,-16
-45,20,-16
-45,21,-17
-45,22,-17
-45,23,-18
-45,24,-19
-45,26,-19
-44,27,-20
-44,28,-20
-44,28,-21
-44,29,-22
-44,30,-22
-44,31,-23
-44,32,-24
-44,33,-24
-44,34,-25
-44,35,-26
-44,36,-26
-44,37,-27
-43,38,-28
-43,39,-28
-43,40,-29
-43,40,-29
-42,41,-30
-42,42,-30
-42,43,-31
-41,44,-31
-41,45,-32
-41,46,-32
-40,47,-33
-40,48,-33
-40,49,-34
-39,50,-34
-39,51,-34
-39,52,-35
-38,53,-35
-38,54,-36
-37,55,-36
-37,56,-36
-37,57,-37
-36,57,-37
-35,58,-37
-35,59,-37
-34,60,-37
-33,61,-38
-33,62,-38
-32,63,-38
-31,64,-38
-29,5,0
-32,5,0
-34,5,-2
-36,5,-4
-38,5,-5
-41,6,-7
-42,7,-10
-44,9,-12
-45,11,-14
-45,14,-15
-45,16,-16
-45,19,-17
-45,21,-18
-44,24,-19
-44,26,-20
-44,30,-22
-44,31,-24
-44,33,-25
-43,35,-26
-43,37,-28
-42,39,-29
-42,41,-30
-20,2,4
-20,3,4
-21,5,3
-23,5,2
-25,5,2
-26,5,1
-26,5,1
-27,5,0
-29,5,0
-30,5,0
-31,5,-1
-32,5,-1
-33,5,-2
-34,5,-3
-35,5,-4
-36,5,-4
-37,5,-5
-38,5,-6
-39,6,-7
-40,6,-8
-41,7,-9
-42,7,-11
-43,8,-12
-44,9,-13
-44,10,-14
-45,12,-14
-45,13,-15
-45,14,-16
-45,16,-16
-45,17,-16
-45,18,-17
-44,19,-17
-44,21,-18
-44,22,-18
-44,23,-19
-44,24,-19
-44,25,-20
-44,26,-21
-43,27,-21
-43,28,-22
-43,29,-22
-43,30,-23
-43,31,-24
-43,31,-24
-43,32,-25
-43,33,-26
-43,34,-26
-43,35,-27
-43,36,-28
-42,37,-28
-42,38,-29
-42,39,-29
-42,40,-30
-41,41,-30
-41,42,-31
-41,42,-31
-40,43,-32
-40,44,-32
-40,45,-33
-39,46,-33
-39,47,-34
-39,48,-34
-38,49,-34
-38,50,-35
-38,51,-35
-37,52,-36
-37,53,-36
-37,54,-36
-36,55,-37
-36,56,-37
-35,56,-37
-35,57,-37
-34,58,-38
-34,59,-38
-33,60,-38
-32,61,-38
-31,62,-38
-30,63,-39
-36,5,-5
-38,6,-7
-40,7,-9
-42,8,-11
-43,10,-14
-44,12,-15
-20,1,4
-20,2,3
-20,2,3
-20,3,2
-21,4,2
-21,5,2
-22,5,1
-23,5,1
-24,5,1
-25,5,0
-26,5,0
-27,5,0
-28,5,0
-29,5,-1
-30,5,-1
-31,5,-2
-32,5,-3
-33,5,-4
-34,5,-4
-35,5,-5
-36,5,-6
-37,6,-7
-38,6,-8
-39,6,-9
-40,7,-10
-41,8,-11
-42,8,-12
-43,9,-13
-43,10,-14
-43,11,-15
-44,13,-16
-44,14,-16
-44,15,-17
-44,17,-17
-44,18,-18
-44,19,-18
-43,20,-19
-43,21,-19
-43,22,-20
-43,23,-20
-43,24,-21
-43,25,-21
-43,26,-22
-43,27,-23
-43,28,-23
-42,29,-24
-42,30,-24
-42,31,-25
-42,32,-26
-42,33,-26
-42,34,-27
-42,34,-28
-41,35,-28
-41,36,-29
-41,37,-29
-41,38,-30
-41,39,-30
-40,40,-31
-40,41,-31
-40,42,-32
-39,43,-32
-39,43,-33
-39,44,-33
-38,45,-33
-38,46,-34
-38,47,-34
-37,48,-35
-37,49,-35
-37,50,-35
-37,51,-36
-36,52,-36
-36,53,-37
-35,54,-37
-35,55,-37
-35,55,-37
-34,56,-38
-34,57,-38
-33,58,-38
-33,59,-38
-32,60,-38
-31,61,-39
-30,5,-2
-32,5,-4
-34,5,-5
-36,6,-7
-38,6,-9
-40,7,-11
-42,9,-13
-43,11,-15
-43,13,-16
-43,16,-17
-43,18,-18
-43,20,-19
-20,-1,3
-20,0,2
-20,2,2
-20,3,1
-21,5,1
-23,5,0
-25,5,0
-26,5,-1
-27,5,-1
-28,5,-2
-29,5,-2
-30,5,-3
-31,5,-4
-32,5,-4
-33,5,-5
-34,5,-6
-35,6,-7
-36,6,-8
-37,6,-9
-38,7,-10
-39,7,-11
-40,8,-12
-41,8,-13
-41,9,-14
-42,10,-15
-42,11,-16
-43,13,-16
-43,14,-17
-43,15,-17
-43,16,-18
-43,17,-18
-43,19,-19
-42,20,-19
-42,21,-20
-42,22,-20
-42,23,-21
-42,24,-21
-42,25,-22
-42,26,-23
-42,27,-23
-42,28,-24
-42,29,-25
-41,29,-25
-41,30,-26
-41,31,-26
-41,32,-27
-41,33,-27
-41,34,-28
-40,35,-29
-40,36,-29
-40,36,-30
-40,37,-30
-39,38,-31
-39,39,-31
-39,40,-32
-39,41,-32
-38,42,-32
-38,43,-33
-38,44,-33
-37,44,-34
-37,45,-34
-37,46,-35
-36,47,-35
-36,48,-35
-36,49,-36
-36,50,-36
-35,51,-36
-35,52,-37
-35,53,-37
-34,54,-37
-34,54,-38
-33,56,-38
-32,58,-38
-20,-1,2
-20,0,2
-38,7,-11
-20,-1,1
-20,0,1
-20,2,1
-20,3,0
-20,3,0
-21,4,0
-21,5,0
-22,5,0
-23,5,0
-24,5,-1
-25,5,-1
-26,5,-2
-27,5,-2
-28,5,-3
-29,5,-4
-30,5,-4
-31,5,-5
-32,5,-6
-33,6,-7
-34,6,-8
-35,6,-8
-36,6,-9
-37,7,-10
-38,7,-11
-39,8,-12
-39,9,-13
-40,9,-14
-41,10,-15
-41,11,-16
-41,12,-17
-42,14,-18
-42,15,-18
-42,16,-19
-42,17,-19
-42,18,-20
-42,19,-20
-41,20,-21
-41,21,-21
-41,22,-22
-41,23,-22
-41,24,-23
-41,25,-23
-41,26,-24
-41,27,-25
-41,28,-25
-40,29,-26
-40,30,-26
-40,31,-27
-40,32,-27
-40,32,-28
-40,33,-29
-39,34,-29
-39,35,-30
-39,36,-30
-39,37,-31
-38,38,-31
-38,38,-31
-38,39,-32
-38,40,-32
-37,41,-33
-37,42,-33
-37,43,-34
-36,44,-34
-36,45,-34
-36,45,-35
-35,46,-35
-35,47,-36
-35,48,-36
-35,49,-36
-34,50,-37
-34,51,-37
-34,52,-37
-33,53,-38
-33,54,-38
-33,54,-38
-33,55,-38
-32,56,-38
-32,57,-39
-20,0,1
-20,0,0
-32,6,-7
-34,6,-8
-36,7,-10
-38,8,-12
-39,9,-14
-40,11,-16
-41,13,-17
-41,15,-19
-20,-1,0
-20,0,0
-20,2,0
-20,4,0
-22,5,-1
-23,5,-2
-25,5,-3
-26,5,-3
-27,6,-4
-28,6,-4
-29,6,-5
-30,6,-6
-31,6,-7
-32,6,-7
-33,6,-8
-34,6,-9
-35,7,-10
-36,7,-11
-37,7,-12
-38,8,-13
-38,9,-14
-39,9,-15
-40,10,-16
-40,11,-17
-40,12,-17
-41,13,-18
-41,15,-19
-41,16,-19
-41,17,-20
-41,18,-20
-41,19,-21
-41,20,-21
-40,21,-22
-40,22,-22
-40,23,-23
-40,24,-23
-40,25,-24
-40,26,-25
-40,27,-25
-40,28,-26
-39,28,-26
-39,29,-27
-39,30,-27
-39,31,-28
-39,32,-28
-39,33,-29
-38,33,-29
-38,34,-30
-38,35,-30
-38,36,-31
-37,37,-31
-37,38,-32
-37,39,-32
-36,39,-33
-36,40,-33
-36,41,-33
-36,42,-34
-35,43,-34
-35,44,-35
-35,45,-35
-34,45,-35
-34,46,-36
-34,47,-36
-33,48,-36
-33,49,-37
-33,50,-37
-33,51,-37
-32,52,-38
-32,53,-38
-32,54,-38
-31,55,-39
-31,56,-39
-20,1,0
-20,0,-1
-20,1,-1
-20,2,-1
-20,3,-1
-20,4,-1
-21,5,-2
-22,5,-2
-22,5,-2
-23,5,-3
-24,6,-3
-25,6,-4
-26,6,-4
-27,6,-5
-28,6,-6
-29,6,-6
-30,6,-7
-31,6,-8
-32,6,-9
-33,6,-10
-34,7,-11
-35,7,-12
-36,8,-13
-37,8,-14
-37,9,-14
-38,10,-15
-39,10,-16
-39,11,-17
-39,12,-18
-40,13,-19
-40,14,-19
-40,15,-20
-40,17,-20
-40,18,-21
-40,19,-21
-40,20,-22
-40,21,-22
-40,22,-23
-39,23,-24
-39,24,-24
-39,24,-25
-39,25,-25
-39,26,-26
-39,27,-26
-38,28,-27
-38,29,-27
-38,30,-28
-38,30,-28
-38,31,-29
-37,32,-29
-37,33,-30
-37,34,-30
-37,35,-31
-36,35,-31
-36,36,-32
-36,37,-32
-36,38,-32
-35,39,-33
-35,40,-33
-35,40,-34
-34,41,-34
-34,42,-34
-34,43,-35
-34,44,-35
-33,45,-35
-33,46,-36
-33,46,-36
-32,47,-37
-32,48,-37
-32,49,-37
-32,50,-37
-31,51,-38
-31,52,-38
-31,53,-38
-31,53,-38
-31,54,-39
-34,7,-11
-36,8,-13
-37,9,-15
-19,0,-2
-20,2,-2
-20,4,-2
-22,5,-3
-23,6,-4
-24,6,-4
-25,6,-5
-26,6,-6
-27,6,-6
-28,6,-7
-29,6,-8
-30,6,-9
-31,6,-9
-32,7,-10
-33,7,-11
-34,7,-12
-35,8,-13
-36,8,-14
-36,9,-15
-37,10,-16
-38,10,-17
-38,11,-18
-38,12,-18
-39,13,-19
-39,14,-20
-39,15,-20
-39,16,-21
-39,17,-22
-39,18,-22
-39,19,-23
-39,20,-23
-39,21,-24
-38,22,-24
-38,23,-25
-38,24,-25
-38,25,-26
-38,26,-26
-38,27,-27
-37,27,-27
-37,28,-28
-37,29,-28
-37,30,-29
-37,31,-29
-36,32,-30
-36,32,-30
-36,33,-31
-36,34,-31
-35,35,-31
-35,36,-32
-35,36,-32
-34,37,-33
-34,38,-33
-34,39,-33
-34,40,-34
-33,40,-34
-33,41,-35
-33,42,-35
-32,43,-35
-32,44,-36
-32,45,-36
-32,46,-36
-31,47,-37
-31,47,-37
-31,48,-37
-30,49,-38
-30,50,-38
-30,51,-38
-30,52,-38
-30,53,-39
-29,52,-39
-19,1,-3
-19,2,-3
-19,2,-3
-20,3,-3
-20,4,-3
-21,5,-4
-22,5,-4
-22,6,-5
-23,6,-5
-24,6,-6
-25,6,-6
-26,6,-7
-27,6,-8
-28,6,-8
-29,6,-9
-30,7,-10
-31,7,-11
-32,7,-12
-33,8,-13
-34,8,-14
-35,8,-15
-35,9,-15
-36,10,-16
-37,11,-17
-37,11,-18
-37,12,-19
-38,13,-20
-38,14,-20
-38,15,-21
-38,16,-22
-38,17,-22
-38,18,-23
-38,19,-23
-38,20,-24
-38,21,-24
-38,22,-25
-37,23,-25
-37,24,-26
-37,25,-26
-37,25,-27
-37,26,-27
-36,27,-28
-36,28,-28
-36,29,-29
-36,29,-29
-35,30,-30
-35,31,-30
-35,32,-31
-35,33,-31
-34,33,-31
-34,34,-32
-34,35,-32
-34,36,-32
-33,37,-33
-33,37,-33
-33,38,-34
-32,39,-34
-32,40,-34
-32,41,-35
-32,41,-35
-31,42,-35
-31,43,-36
-31,44,-36
-30,45,-36
-30,46,-37
-30,47,-37
-29,47,-37
-29,48,-38
-29,49,-38
-29,50,-38
-28,51,-39
-19,2,-4
-28,50,-38
-19,0,-4
-19,2,-4
-19,3,-4
-19,4,-4
-20,5,-4
-22,6,-5
-23,6,-6
-24,6,-6
-25,6,-7
-26,6,-7
-27,6,-8
-28,7,-9
-29,7,-10
-29,7,-10
-30,7,-11
-31,7,-12
-32,8,-13
-33,8,-14
-34,9,-15
-34,9,-16
-35,10,-17
-36,11,-18
-36,11,-19
-36,12,-19
-37,13,-20
-37,14,-21
-37,15,-21
-37,16,-22
-37,17,-23
-37,18,-23
-37,19,-24
-37,20,-24
-37,21,-25
-37,22,-25
-36,22,-26
-36,23,-26
-36,24,-27
-36,25,-27
-36,26,-28
-35,27,-28
-35,27,-29
-35,28,-29
-35,29,-30
-34,30,-30
-34,31,-30
-34,31,-31
-34,32,-31
-33,33,-32
-33,34,-32
-33,34,-32
-32,35,-33
-32,36,-33
-32,37,-33
-32,37,-34
-31,38,-34
-31,39,-34
-31,40,-35
-30,41,-35
-30,41,-35
-30,42,-36
-29,43,-36
-29,44,-36
-29,45,-37
-29,46,-37
-28,47,-37
-28,48,-38
-28,48,-38
-28,49,-38
-18,0,-4
-18,0,-5
-18,2,-5
-18,3,-5
-19,4,-5
-20,5,-5
-21,6,-6
-22,6,-6
-23,6,-7
-24,6,-7
-25,7,-8
-26,7,-9
-27,7,-9
-28,7,-10
-29,7,-11
-30,7,-12
-30,8,-13
-31,8,-14
-32,8,-15
-33,9,-15
-34,9,-16
-34,10,-17
-35,11,-18
-35,11,-19
-36,12,-20
-36,13,-21
-36,14,-21
-36,15,-22
-36,16,-23
-36,17,-23
-36,18,-24
-36,19,-24
-36,20,-25
-36,20,-25
-36,21,-26
-35,22,-26
-35,23,-27
-35,24,-27
-35,25,-28
-35,25,-28
-34,26,-29
-34,27,-29
-34,28,-30
-34,29,-30
-33,29,-30
-33,30,-31
-33,31,-31
-32,32,-32
-32,32,-32
-32,33,-32
-32,34,-33
-31,34,-33
-31,35,-33
-31,36,-34
-30,37,-34
-30,37,-34
-30,38,-35
-29,39,-35
-29,40,-35
-29,41,-35
-29,41,-36
-28,42,-36
-28,43,-36
-28,44,-37
-27,45,-37
-27,46,-37
-27,47,-38
-26,48,-38
-17,0,-6
-18,2,-6
-27,45,-37
-26,47,-38
-17,0,-7
-18,2,-6
-18,3,-6
-19,5,-6
-20,6,-6
-21,6,-7
-22,6,-7
-24,7,-8
-26,7,-10
-28,7,-11
-29,8,-12
-30,8,-13
-30,8,-14
-31,8,-15
-32,9,-16
-33,9,-17
-33,10,-18
-34,11,-19
-34,11,-19
-35,12,-20
-35,14,-22
-35,16,-23
-35,18,-24
-35,19,-25
-35,21,-27
-34,23,-27
-34,24,-28
-33,26,-29
-33,27,-30
-32,29,-31
-32,30,-32
-31,32,-32
-31,32,-33
-30,33,-33
-30,34,-33
-30,35,-33
-29,35,-34
-29,36,-34
-29,37,-34
-29,38,-35
-28,38,-35
-28,39,-35
-28,40,-36
-27,41,-36
-27,41,-36
-27,42,-36
-27,43,-37
-26,44,-37
-26,45,-37
-25,46,-38
-17,0,-7
-17,2,-7
-17,1,-8
-17,3,-8
-18,4,-7
-19,5,-7
-20,6,-7
-21,6,-8
-22,7,-8
-23,7,-9
-24,7,-10
-25,7,-10
-26,7,-11
-27,7,-12
-28,8,-13
-29,8,-14
-30,8,-14
-30,9,-15
-31,9,-16
-32,10,-17
-32,10,-18
-33,11,-19
-33,12,-20
-34,12,-21
-34,13,-22
-34,14,-22
-34,15,-23
-34,16,-24
-34,17,-24
-34,18,-25
-34,18,-25
-34,19,-26
-34,20,-27
-34,21,-27
-34,22,-28
-33,22,-28
-33,23,-28
-33,24,-29
-33,25,-29
-32,26,-30
-32,26,-30
-32,27,-30
-31,28,-31
-31,28,-31
-31,29,-32
-30,30,-32
-30,31,-32
-30,31,-33
-30,32,-33
-29,33,-33
-29,33,-33
-29,34,-34
-28,35,-34
-28,35,-34
-28,36,-34
-27,37,-35
-27,37,-35
-27,38,-35
-27,39,-36
-26,40,-36
-26,41,-36
-26,41,-36
-26,42,-37
-25,43,-37
-16,1,-9
-17,3,-8
-25,41,-37
-16,2,-10
-17,3,-8
-18,5,-8
-19,6,-8
-20,6,-8
-22,7,-9
-23,7,-10
-24,7,-11
-26,8,-12
-28,8,-14
-30,9,-16
-30,9,-17
-31,10,-18
-32,11,-19
-33,12,-21
-33,14,-23
-34,16,-24
-33,17,-25
-33,19,-26
-33,21,-27
-32,22,-28
-32,24,-29
-31,25,-30
-31,27,-31
-30,28,-32
-29,29,-32
-29,31,-33
-28,32,-33
-27,33,-34
-27,35,-34
-26,36,-35
-26,37,-35
-26,37,-35
-25,38,-36
-25,39,-36
-25,40,-36
-24,41,-36
-24,42,-37
-17,4,-9
-17,4,-9
-18,5,-9
-19,6,-9
-20,7,-9
-21,7,-10
-22,7,-10
-23,7,-11
-24,8,-12
-25,8,-13
-26,8,-13
-27,8,-14
-28,9,-15
-29,9,-16
-30,9,-17
-30,10,-18
-31,10,-19
-31,11,-20
-32,12,-21
-32,13,-22
-33,13,-22
-33,14,-23
-33,15,-24
-33,16,-24
-33,17,-25
-33,17,-26
-32,18,-26
-32,19,-27
-32,20,-27
-32,20,-28
-32,21,-28
-31,22,-29
-31,23,-29
-31,23,-30
-30,24,-30
-30,25,-31
-30,26,-31
-29,26,-31
-29,27,-32
-29,28,-32
-29,28,-32
-28,29,-32
-28,29,-33
-27,30,-33
-27,31,-33
-27,31,-34
-27,32,-34
-26,33,-34
-26,33,-34
-26,34,-35
-25,34,-35
-25,35,-35
-25,36,-35
-24,36,-35
-24,37,-36
-24,38,-36
-24,39,-36
-23,40,-37
-17,5,-10
-18,6,-10
-20,7,-10
-21,7,-11
-22,8,-12
-25,8,-13
-26,8,-15
-28,9,-17
-30,10,-18
-31,11,-20
-32,13,-22
-32,14,-23
-32,16,-25
-32,17,-26
-31,19,-27
-31,20,-28
-30,22,-29
-30,23,-30
-29,25,-31
-28,26,-32
-28,27,-32
-27,28,-33
-26,30,-33
-26,31,-34
-25,32,-34
-24,33,-35
-24,34,-35
-23,35,-35
-23,36,-36
-23,36,-36
-22,37,-36
-16,6,-11
-19,7,-11
-20,8,-11
-21,8,-12
-23,8,-13
-24,8,-13
-25,8,-14
-26,8,-15
-27,9,-16
-27,9,-17
-28,10,-18
-29,10,-19
-30,11,-20
-30,11,-21
-31,12,-21
-31,14,-23
-31,14,-24
-31,15,-25
-31,16,-25
-31,17,-26
-31,17,-27
-30,18,-27
-30,19,-28
-30,19,-28
-30,20,-29
-29,21,-29
-29,22,-30
-29,22,-30
-29,23,-30
-28,24,-31
-28,24,-31
-28,25,-32
-27,26,-32
-27,26,-32
-26,27,-33
-26,28,-33
-25,29,-33
-25,29,-34
-25,30,-34
-24,30,-34
-24,31,-34
-24,31,-34
-23,32,-35
-23,32,-35
-23,33,-35
-22,34,-35
-22,34,-35
-22,35,-36
-19,8,-12
-20,8,-12
-22,8,-13
-23,8,-14
-25,9,-15
-26,9,-16
-27,9,-17
-28,10,-19
-29,12,-21
-30,13,-23
-30,14,-24
-30,16,-26
-30,17,-27
-29,19,-28
-29,20,-29
-28,21,-30
-27,23,-31
-27,24,-31
-26,25,-32
-25,27,-33
-25,28,-33
-24,29,-34
-23,30,-34
-22,31,-35
-22,31,-35
-21,32,-35
-21,32,-35
-20,33,-35
-20,34,-36
-19,8,-12
-20,32,-35
-19,32,-35
-20,8,-14
-22,8,-14
-24,9,-16
-25,9,-17
-26,9,-18
-27,10,-19
-28,10,-19
-28,11,-20
-30,14,-24
-30,15,-25
-29,17,-27
-29,17,-27
-28,18,-28
-28,19,-28
-28,19,-29
-27,20,-29
-27,21,-30
-27,21,-30
-27,22,-31
-26,23,-31
-26,23,-31
-25,25,-32
-25,26,-33
-24,27,-33
-23,28,-34
-22,28,-34
-22,28,-34
-21,29,-34
-21,29,-34
-20,30,-35
-20,30,-35
-19,31,-35
-18,31,-35
-23,9,-15
-24,9,-16
-24,9,-17
-25,10,-18
-26,10,-19
-27,11,-20
-28,12,-22
-29,13,-23
-29,15,-25
-28,16,-26
-28,17,-28
-27,19,-29
-26,20,-30
-26,21,-30
-25,23,-31
-25,24,-32
-24,25,-33
-23,26,-33
-22,27,-34
-21,27,-34
-20,28,-34
-19,28,-34
-23,9,-16
-18,28,-34
-23,9,-17
-24,10,-18
-25,10,-19
-27,11,-20
-27,11,-21
-28,16,-26
-27,17,-27
-27,17,-28
-26,18,-28
-26,19,-29
-25,19,-29
-25,20,-30
-25,20,-30
-25,21,-31
-24,22,-31
-24,23,-32
-21,26,-33
-20,26,-34
-19,27,-34
-18,27,-34
-17,26,-34
-26,11,-20
-27,12,-23
-28,14,-24
-27,15,-26
-26,16,-27
-25,17,-28
-24,18,-29
-24,19,-30
-24,20,-30
-24,20,-30
-23,21,-31
-23,23,-32
-23,24,-32
-21,25,-33
-20,25,-33
-18,25,-33
-16,26,-33
-17,25,-33
-16,25,-33
-15,24,-33
-26,15,-25
-26,16,-27
-24,17,-28
-23,17,-28
-23,18,-29
-23,18,-29
-22,19,-30
-22,19,-30
-22,20,-30
-22,21,-31
-22,22,-32
-21,24,-33
-19,24,-33
-17,24,-33
-22,17,-28
-21,18,-29
-19,24,-33
