0,3,15
1,2,10
1020,1162,954
152,278,359
9,1,10
1,7,0
4,3,0
2,11,10
3,16,15
989,955,956
955,989,954
989,1020,954
1185,1175,1144
211,278,152
278,211,279
51,73,72
9,8,1
8,7,1
5,4,0
12,11,2
957,989,956
1049,1162,1020
1100,1076,1077
1100,1122,1076
1162,1176,1186
1163,1176,1162
1176,1177,1186
987,988,1019
809,988,883
1019,988,1144
535,577,492
576,575,491
884,885,954
920,885,886
920,955,954
885,920,954
211,243,279
420,421,440
486,529,509
529,486,510
74,73,51
7,6,0
6,5,0
352,351,275
351,311,275
29,14,30
14,31,30
31,96,50
94,71,95
71,96,95
96,71,50
209,181,210
181,151,210
96,151,123
242,151,275
151,242,210
1146,1123,1124
1188,1181,1182
1183,1188,1182
1184,1174,1185
1188,1184,1185
1184,1188,1183
848,809,883
848,808,809
749,770,789
575,693,731
693,575,576
885,849,886
448,404,449
404,361,362
361,404,448
278,360,359
360,447,359
615,637,595
615,638,637
466,486,440
466,421,441
421,466,440
486,466,510
465,420,440
486,465,440
465,486,509
552,529,510
98,97,72
72,97,152
32,52,51
32,72,15
32,51,72
33,32,15
396,352,484
438,396,484
351,350,311
13,12,2
14,13,2
49,31,50
71,70,50
122,96,123
316,342,358
342,386,358
242,241,210
151,150,123
311,274,275
274,242,275
18,17,3
17,16,3
1145,1123,1146
1123,1145,1122
1122,1145,1076
1049,1145,1162
1145,1049,1076
1188,1180,1181
1170,1180,1169
1180,1170,1181
1170,1171,1181
1166,1178,1165
1099,1075,1144
1075,1099,1074
1161,1143,1144
1175,1161,1144
1143,1121,1144
1099,1121,1098
1121,1099,1144
1048,1018,1019
1048,1019,1144
1075,1048,1144
1048,1075,1047
989,990,1020
577,619,576
619,693,576
243,280,279
360,317,361
317,360,278
493,535,492
487,466,441
466,487,510
640,639,617
420,439,419
465,439,420
615,596,638
529,551,509
552,551,529
483,438,484
302,303,316
303,342,316
302,277,265
277,264,265
341,316,358
341,302,316
263,276,300
276,263,264
379,397,421
421,397,441
312,298,299
298,312,337
1125,1147,1146
1125,1146,1124
1147,1125,1126
1179,1180,1188
1179,1178,1166
1099,1073,1074
1161,1142,1143
1142,1161,1141
1174,1159,1185
1159,1175,1185
631,656,668
614,631,589
614,589,590
632,614,590
656,614,632
614,656,631
578,577,535
619,694,693
154,153,124
153,97,124
97,153,152
423,442,398
381,423,398
598,640,617
403,386,428
386,403,358
353,381,337
312,353,337
514,556,533
383,339,355
339,383,354
444,425,470
469,444,470
444,469,424
532,513,555
555,513,533
513,514,533
439,464,419
385,341,358
403,385,358
277,301,264
301,276,264
442,422,398
397,422,441
313,339,354
313,299,300
339,313,300
1021,1049,1020
1049,1050,1076
1180,1168,1169
1179,1168,1180
1167,1179,1166
1167,1168,1179
1160,1161,1175
1159,1160,1175
1159,1138,1139
750,790,770
749,750,770
988,953,883
953,919,883
669,656,632
656,669,668
813,849,885
731,812,884
772,812,731
657,694,619
553,572,596
552,571,595
571,553,596
571,615,595
571,596,615
513,489,469
489,532,512
489,513,532
467,487,441
488,467,442
422,467,441
467,422,442
467,511,487
511,467,488
469,443,424
489,443,469
641,618,599
618,641,640
598,618,640
401,383,355
383,401,425
427,403,428
385,427,402
427,385,403
574,598,555
574,556,599
618,574,599
574,618,598
574,555,533
556,574,533
508,485,509
464,485,508
485,465,509
485,439,465
485,464,439
357,385,402
385,357,341
314,339,300
276,314,300
301,314,276
339,314,355
380,397,379
422,380,398
380,422,397
380,381,398
338,353,312
338,313,354
382,338,354
338,382,353
338,312,299
313,338,299
1158,1159,1174
1158,1138,1159
1138,1158,1137
919,882,883
693,732,731
732,772,731
620,657,619
657,695,694
153,182,212
182,213,212
182,153,154
573,532,555
598,573,555
573,598,617
572,616,596
616,639,638
596,616,638
487,530,510
511,530,487
530,552,510
530,511,553
530,571,552
571,530,553
511,531,553
531,572,553
531,488,512
531,511,488
468,488,442
468,443,489
488,468,512
468,489,512
423,468,442
443,468,423
383,400,354
400,382,354
382,400,424
400,383,425
400,444,424
444,400,425
399,423,381
399,382,424
443,399,424
399,443,423
353,399,381
382,399,353
357,315,341
341,315,302
315,277,302
315,301,277
384,401,355
384,357,402
426,384,402
401,384,426
1147,1148,1164
1148,1165,1164
1148,1149,1165
810,829,789
770,810,789
790,810,770
751,771,750
750,771,790
446,426,402
427,446,402
597,573,617
597,616,572
639,597,617
616,597,639
573,554,532
531,554,572
554,597,572
597,554,573
532,554,512
554,531,512
340,314,301
315,340,301
314,340,355
340,315,357
771,811,790
446,471,426
472,471,446
472,446,427
813,814,849
384,356,357
356,340,357
356,384,355
340,356,355
830,811,831
810,830,829
830,810,790
811,830,790
811,791,831
791,811,771
791,771,751
490,514,470
425,445,470
471,445,426
401,445,425
445,401,426
445,490,470
490,445,471
490,534,514
534,557,556
534,556,514
534,515,557
515,534,490
515,490,471
852,890,889
890,852,853
888,852,889
852,888,851
888,921,887
921,888,922
447,448,492
491,447,492
637,594,595
594,637,636
38,19,20
19,38,37
19,5,20
5,19,4
19,18,3
4,19,3
12,26,11
26,12,27
11,26,10
26,25,10
28,45,27
45,28,46
45,26,27
26,45,44
36,19,37
19,36,18
957,921,922
921,957,956
1100,1078,1101
1078,1100,1077
1177,1176,1164
1176,1163,1164
1173,1183,1172
1183,1182,1172
637,673,636
674,673,637
711,673,712
673,674,712
959,924,960
924,925,960
577,491,492
577,576,491
575,447,491
447,575,359
698,736,697
736,698,737
659,698,697
698,659,660
920,921,956
955,920,956
921,920,887
920,886,887
452,451,406
407,452,406
674,675,712
675,713,712
675,674,637
638,675,637
713,675,714
675,676,714
420,377,378
377,420,419
376,377,419
418,376,419
74,52,75
52,74,51
39,58,38
58,39,59
39,38,20
21,39,20
21,6,22
6,7,22
5,6,20
6,21,20
376,333,377
333,376,332
333,293,294
293,333,332
377,333,378
333,334,378
334,333,295
333,294,295
38,57,37
58,57,38
57,81,80
81,57,58
28,47,46
47,28,29
47,29,30
48,47,30
178,147,148
147,178,177
68,92,91
92,68,69
236,267,235
267,236,268
209,180,181
180,209,208
1123,1100,1101
1100,1123,1122
1102,1123,1101
1123,1102,1124
1131,1108,1109
1108,1131,1130
1184,1183,1173
1184,1173,1174
807,768,808
768,807,767
848,807,808
807,848,847
807,766,767
766,807,806
587,588,630
629,587,630
587,544,545
588,587,545
589,588,545
546,589,545
673,672,636
672,635,636
738,778,737
778,777,737
924,891,925
891,924,890
923,888,889
888,923,922
890,923,889
924,923,890
958,924,959
958,923,924
958,957,922
923,958,922
1056,1027,1028
1027,1056,1055
1054,1027,1055
1027,1054,1026
1054,1025,1026
1025,1054,1053
776,736,737
777,776,737
587,586,544
544,586,543
586,587,629
628,586,629
627,586,628
586,627,585
741,701,702
701,741,740
539,498,540
498,539,497
539,583,582
583,539,540
659,622,660
622,623,660
581,537,538
537,581,580
622,581,623
581,622,580
581,539,582
539,581,538
321,366,365
366,321,322
404,363,405
363,404,362
319,363,362
318,319,362
447,360,448
360,361,448
539,496,497
496,539,538
496,453,497
453,496,452
639,675,638
675,639,676
627,626,585
585,626,584
506,463,507
463,506,462
506,461,462
506,505,461
376,375,332
375,331,332
99,98,72
73,99,72
99,74,100
74,99,73
99,125,98
125,99,126
97,125,124
125,97,98
192,193,224
223,192,224
222,192,223
192,222,191
56,35,36
35,56,55
56,36,37
57,56,37
56,57,80
79,56,80
127,99,100
99,127,126
76,53,77
53,54,77
32,53,52
53,32,33
52,53,75
53,76,75
103,104,131
130,103,131
102,103,130
102,130,129
102,76,77
103,102,77
375,330,331
330,375,374
372,327,328
327,372,371
193,194,224
194,225,224
81,107,80
107,106,80
107,135,134
135,107,108
613,654,612
654,613,655
396,351,352
351,396,395
396,437,395
396,438,437
350,351,395
394,350,395
434,435,480
479,434,480
437,436,395
436,394,395
310,350,349
350,310,311
310,348,309
348,310,349
434,393,435
393,434,392
393,348,349
348,393,392
436,393,394
393,436,435
393,350,394
350,393,349
478,523,522
523,478,479
478,434,479
434,478,433
12,13,27
13,28,27
28,13,29
13,14,29
68,49,69
49,68,48
49,48,30
31,49,30
267,234,235
234,267,266
171,198,170
198,171,199
171,140,141
140,171,170
142,171,141
171,142,172
25,24,10
24,9,10
26,43,25
43,26,44
43,24,25
24,43,42
66,45,46
66,65,45
293,257,294
256,257,293
225,257,224
257,256,224
296,334,295
296,335,334
379,420,378
420,379,421
334,379,378
335,379,334
270,308,307
308,270,271
67,68,91
90,67,91
67,47,48
68,67,48
47,67,46
67,66,46
49,70,69
70,49,50
147,120,148
120,121,148
120,94,95
121,120,95
121,122,148
122,149,148
122,121,95
96,122,95
178,205,177
205,178,206
270,239,271
239,270,238
179,178,148
149,179,148
122,150,149
150,122,123
150,179,149
179,150,180
180,150,181
150,151,181
346,345,307
307,345,306
390,431,389
431,390,432
390,345,346
345,390,389
310,274,311
274,310,273
241,274,273
274,241,242
36,17,18
35,17,36
34,17,35
17,34,16
34,35,55
54,34,55
16,34,15
34,33,15
53,34,54
34,53,33
1025,995,1026
1026,995,996
1051,1078,1077
1051,1052,1078
1145,1146,1163
1145,1163,1162
1052,1079,1078
1079,1052,1053
1078,1079,1101
1079,1102,1101
1054,1079,1053
1079,1054,1080
1079,1080,1103
1102,1079,1103
1107,1085,1108
1085,1107,1084
1163,1147,1164
1146,1147,1163
1083,1082,1056
1083,1056,1057
1082,1083,1105
1083,1106,1105
1058,1083,1057
1083,1058,1084
1083,1107,1106
1107,1083,1084
1081,1054,1055
1054,1081,1080
1056,1081,1055
1082,1081,1056
1182,1171,1172
1181,1171,1182
1131,1151,1130
1151,1131,1152
1177,1178,1186
1178,1187,1186
1178,1177,1164
1165,1178,1164
761,800,760
800,761,801
800,759,760
759,800,799
766,728,767
727,728,766
846,807,847
807,846,806
722,762,761
762,722,723
1017,1048,1047
1018,1048,1017
588,631,630
589,631,588
710,673,711
710,672,673
722,685,723
685,722,684
722,721,684
684,721,683
721,761,760
721,722,761
759,721,760
721,759,720
562,563,605
605,563,606
520,563,562
563,520,521
386,429,428
429,386,387
852,818,853
818,852,817
778,818,777
777,818,817
854,890,853
854,891,890
925,926,960
926,961,960
958,990,957
957,990,989
990,958,959
991,990,959
1029,1058,1057
1058,1029,1030
1030,1029,1000
1029,999,1000
1029,1056,1028
1056,1029,1057
997,1027,1026
997,1026,996
931,966,965
930,931,965
665,628,629
666,665,629
631,667,630
667,631,668
667,629,630
667,666,629
581,624,623
624,581,582
623,624,660
624,661,660
698,699,737
699,738,737
699,698,660
661,699,660
816,852,851
852,816,817
816,776,777
816,777,817
622,579,580
579,622,621
541,583,540
583,541,584
701,700,663
663,700,662
700,701,740
739,700,740
700,699,661
700,661,662
699,700,738
700,739,738
280,319,318
280,318,279
364,407,406
364,365,407
363,364,405
405,364,406
318,317,279
317,278,279
317,318,362
361,317,362
366,408,365
365,408,407
408,452,407
408,453,452
408,454,453
454,408,409
454,498,497
453,454,497
448,493,492
493,448,449
452,495,451
496,495,452
537,495,538
495,496,538
450,404,405
404,450,449
450,493,449
493,450,494
451,450,406
450,405,406
495,450,451
450,495,494
127,156,126
156,127,157
639,640,676
640,677,676
641,599,600
642,641,600
640,641,677
677,641,678
218,251,250
251,218,219
249,216,217
216,249,248
249,218,250
218,249,217
417,463,462
463,417,418
417,376,418
417,375,376
461,417,462
416,417,461
375,417,374
417,416,374
508,551,550
551,508,509
594,551,595
551,552,595
593,594,636
635,593,636
551,593,550
593,551,594
192,165,193
165,192,164
135,165,134
134,165,164
165,194,193
194,165,166
132,162,131
162,161,131
107,133,106
133,107,134
54,78,77
78,54,55
103,78,104
78,103,77
56,78,55
78,56,79
78,105,104
105,78,79
104,105,131
105,132,131
105,79,80
106,105,80
133,105,106
105,133,132
76,101,75
102,101,76
101,102,129
128,101,129
101,74,75
74,101,100
101,127,100
127,101,128
158,128,129
159,158,129
127,158,157
158,127,128
130,160,129
160,159,129
160,130,131
161,160,131
416,373,374
373,416,415
412,411,369
412,369,370
412,457,456
411,412,456
505,460,461
460,505,504
460,416,461
416,460,415
503,546,545
546,503,504
503,460,504
460,503,459
544,503,545
502,503,544
459,503,458
503,502,458
414,373,415
373,414,372
460,414,415
414,460,459
330,292,331
292,330,291
292,293,332
331,292,332
195,194,166
195,166,167
528,483,484
527,483,528
438,483,437
483,482,437
435,481,480
436,481,435
481,436,437
482,481,437
524,479,480
524,523,479
478,477,433
433,477,432
477,478,522
521,477,522
303,302,265
303,265,266
345,305,306
305,345,344
146,120,147
120,146,119
146,147,177
176,146,177
204,236,235
204,205,236
205,204,177
204,176,177
143,142,115
116,143,115
262,263,300
299,262,300
298,262,299
262,298,261
171,200,199
200,171,172
40,39,21
40,21,22
39,40,59
40,60,59
82,58,59
82,81,58
82,107,81
107,82,108
168,195,167
195,168,196
45,64,44
65,64,45
114,142,141
142,114,115
140,114,141
114,140,113
226,195,196
226,196,227
194,226,225
195,226,194
229,198,199
230,229,199
229,262,261
262,229,230
196,197,227
197,228,227
229,197,198
197,229,228
260,296,259
296,260,297
228,260,227
260,259,227
298,260,261
260,298,297
260,229,261
229,260,228
305,269,306
269,305,268
269,270,307
269,307,306
117,90,91
117,116,90
92,117,91
118,117,92
120,93,94
93,120,119
93,71,94
93,70,71
93,118,92
118,93,119
93,92,69
70,93,69
209,240,208
240,239,208
240,209,210
241,240,210
207,239,238
239,207,208
207,180,208
207,179,180
178,207,206
179,207,178
434,391,392
391,434,433
390,391,432
391,433,432
741,781,740
781,780,740
780,781,820
781,821,820
895,857,858
857,895,894
1024,995,1025
995,1024,994
1024,1025,1053
1052,1024,1053
1102,1125,1124
1125,1102,1103
1104,1125,1103
1125,1104,1126
1080,1104,1103
1081,1104,1080
1104,1082,1105
1104,1081,1082
1178,1179,1187
1179,1188,1187
718,680,681
719,718,681
718,679,680
679,718,717
679,641,642
641,679,678
679,716,678
679,717,716
1001,1030,1000
1001,1031,1030
676,715,714
677,715,676
715,677,678
716,715,678
768,769,808
808,769,809
841,802,842
802,841,801
761,802,801
762,802,761
763,802,762
802,763,803
763,762,723
724,763,723
802,843,842
843,802,803
842,843,877
843,878,877
765,727,766
727,765,726
689,728,727
728,689,690
685,686,723
686,724,723
687,686,650
686,649,650
648,686,685
686,648,649
648,605,606
648,647,605
648,685,684
647,648,684
523,564,522
565,564,523
564,563,521
564,521,522
682,719,681
682,720,719
644,682,681
682,644,645
721,682,683
682,721,720
518,474,475
518,475,519
679,643,680
643,679,642
680,643,681
643,644,681
644,602,645
645,602,603
474,430,475
429,430,474
818,819,853
819,854,853
857,856,822
856,821,822
1027,998,1028
997,998,1027
966,998,965
998,997,965
1029,998,999
998,1029,1028
999,998,967
998,966,967
672,634,635
634,672,671
634,593,635
593,634,592
744,784,783
743,744,783
664,627,628
665,664,628
701,664,702
664,701,663
664,626,627
626,664,663
703,741,702
703,742,741
703,664,665
664,703,702
743,703,704
742,703,743
703,665,666
703,666,704
624,625,661
661,625,662
583,625,582
625,624,582
625,663,662
625,626,663
626,625,584
625,583,584
536,493,494
493,536,535
536,578,535
578,536,579
536,495,537
495,536,494
536,537,580
579,536,580
658,622,659
622,658,621
658,659,697
696,658,697
736,735,697
735,696,697
542,585,584
541,542,584
586,542,543
542,586,585
454,499,498
499,454,455
498,499,540
499,541,540
456,499,455
500,499,456
499,542,541
542,499,500
410,454,409
454,410,455
410,411,456
410,456,455
411,410,369
410,368,369
369,326,370
325,326,369
326,327,371
326,371,370
368,324,369
324,325,369
321,282,322
282,283,322
320,282,321
282,320,281
320,321,365
364,320,365
280,320,319
320,280,281
319,320,363
320,364,363
153,212,211
153,211,152
158,185,157
185,158,186
216,185,217
185,186,217
513,469,470
514,513,470
160,187,159
187,160,188
218,187,219
187,188,219
187,158,159
158,187,186
187,218,217
186,187,217
326,288,327
288,326,287
251,288,250
250,288,287
327,288,328
328,288,289
288,252,289
288,251,252
286,326,325
326,286,287
286,249,250
286,250,287
324,286,325
286,324,285
249,286,248
286,285,248
464,418,419
464,463,418
463,464,507
464,508,507
220,251,219
251,220,252
253,291,290
291,253,254
253,222,254
253,221,222
252,253,289
253,290,289
220,253,252
253,220,221
163,192,191
192,163,164
163,134,164
163,133,134
163,162,132
133,163,132
329,328,289
290,329,289
329,372,328
329,373,372
330,329,291
291,329,290
329,330,374
373,329,374
413,412,370
371,413,370
412,413,457
457,413,458
372,413,371
414,413,372
413,459,458
413,414,459
501,544,543
501,502,544
502,501,458
501,457,458
542,501,543
501,542,500
457,501,456
501,500,456
255,222,223
222,255,254
255,292,291
255,291,254
255,223,224
256,255,224
255,256,293
292,255,293
481,525,480
525,524,480
525,566,524
566,525,567
524,566,523
566,565,523
569,613,612
569,570,613
569,527,528
570,569,528
611,569,612
569,611,568
526,483,527
483,526,482
569,526,527
526,569,568
526,481,482
526,525,481
525,526,567
526,568,567
476,431,432
477,476,432
520,476,521
476,477,521
430,476,475
476,430,431
475,476,519
476,520,519
267,304,266
304,303,266
304,267,268
305,304,268
145,146,176
145,176,175
146,145,119
145,118,119
204,203,176
176,203,175
234,203,235
203,204,235
203,202,174
175,203,174
142,173,172
143,173,142
233,234,266
265,233,266
233,203,234
203,233,202
264,233,265
232,233,264
262,231,263
231,262,230
200,231,199
231,230,199
231,232,264
263,231,264
7,23,22
8,23,7
23,40,22
40,23,41
24,23,9
23,8,9
23,24,42
41,23,42
140,139,113
139,112,113
88,64,65
64,88,87
88,114,113
87,88,113
258,296,295
296,258,259
258,226,227
259,258,227
294,258,295
257,258,294
258,257,225
226,258,225
298,336,297
336,298,337
296,336,335
336,296,297
237,207,238
207,237,206
270,237,238
269,237,270
237,205,206
205,237,236
236,237,268
237,269,268
272,308,271
308,272,309
239,272,271
240,272,239
272,310,309
310,272,273
272,241,273
272,240,241
308,347,307
347,346,307
347,390,346
347,391,390
348,347,309
347,308,309
347,348,392
391,347,392
781,782,821
821,782,822
782,781,741
742,782,741
782,743,783
782,742,743
963,995,994
962,963,994
926,927,961
927,962,961
927,963,962
963,927,928
1021,990,991
990,1021,1020
1050,1021,1022
1021,1050,1049
1050,1051,1077
1076,1050,1077
992,959,960
992,991,959
992,1021,991
1021,992,1022
1167,1151,1152
1168,1167,1152
1171,1156,1172
1156,1171,1155
1156,1173,1172
1156,1157,1173
1134,1156,1155
1156,1134,1135
1090,1065,1091
1065,1090,1064
1110,1131,1109
1110,1132,1131
1153,1168,1152
1168,1153,1169
1131,1153,1152
1132,1153,1131
1075,1046,1047
1046,1075,1074
1156,1136,1157
1136,1156,1135
948,913,914
913,948,947
800,840,799
840,839,799
840,800,801
841,840,801
979,1010,978
1010,979,1011
840,874,839
874,840,875
873,874,910
874,911,910
1001,969,1002
969,970,1002
970,1003,1002
971,1003,970
750,710,711
710,750,749
692,654,655
692,691,654
729,768,767
728,729,767
729,728,690
691,729,690
769,729,730
729,769,768
729,692,730
692,729,691
845,881,880
881,845,846
986,1018,1017
985,986,1017
986,950,951
950,986,985
986,987,1019
1018,986,1019
763,764,803
764,804,803
805,766,806
805,765,766
846,805,806
845,805,846
764,805,804
805,764,765
844,843,803
804,844,803
844,805,845
805,844,804
688,727,726
688,689,727
648,607,649
607,648,606
563,607,606
564,607,563
649,607,650
607,608,650
607,564,565
608,607,565
646,684,683
646,647,684
647,646,605
646,604,605
646,682,645
682,646,683
646,645,603
604,646,603
561,520,562
520,561,519
561,562,605
604,561,605
561,518,519
518,561,560
561,604,603
560,561,603
388,345,389
345,388,344
431,388,389
430,388,431
388,429,387
388,430,429
779,778,738
739,779,738
779,818,778
779,819,818
779,739,740
780,779,740
779,780,820
819,779,820
819,855,854
855,819,820
821,855,820
856,855,821
547,548,591
547,591,590
506,547,505
548,547,506
547,589,546
589,547,590
505,547,504
547,546,504
549,506,507
549,548,506
548,549,591
591,549,592
549,508,550
508,549,507
593,549,550
549,593,592
897,931,930
897,930,896
859,895,858
895,859,896
859,897,896
897,859,860
899,861,862
861,899,898
861,897,860
897,861,898
667,705,666
666,705,704
705,744,743
705,743,704
705,667,668
706,705,668
705,706,745
744,705,745
744,785,784
785,744,745
746,785,745
785,746,786
591,633,590
633,632,590
633,669,632
669,633,670
634,633,592
633,591,592
633,634,671
670,633,671
788,748,789
748,749,789
812,813,885
812,885,884
888,850,851
850,888,887
850,816,851
850,815,816
886,850,887
849,850,886
816,775,776
815,775,816
776,775,736
775,735,736
324,284,285
284,324,323
283,284,322
284,323,322
367,408,366
408,367,409
367,366,322
323,367,322
367,410,409
410,367,368
367,324,368
324,367,323
125,155,124
155,154,124
155,125,126
156,155,126
184,185,216
184,216,215
184,156,157
185,184,157
184,215,214
183,184,214
184,155,156
155,184,183
189,160,161
160,189,188
188,189,219
189,220,219
566,609,565
609,608,565
691,653,654
653,691,690
654,653,612
653,611,612
689,653,690
653,689,652
388,343,344
343,388,387
343,305,344
343,304,305
386,343,387
342,343,386
304,343,303
303,343,342
144,145,175
144,175,174
144,117,118
145,144,118
144,173,143
173,144,174
144,143,116
117,144,116
233,201,202
201,233,232
202,201,174
201,173,174
201,231,200
231,201,232
201,200,172
173,201,172
198,169,170
197,169,198
169,140,170
169,139,140
168,169,196
169,197,196
138,169,168
169,138,139
60,83,59
83,82,59
82,83,108
83,109,108
136,165,135
165,136,166
136,135,108
109,136,108
139,111,112
138,111,139
63,43,44
64,63,44
43,63,42
63,62,42
40,61,60
61,40,41
61,41,42
62,61,42
114,89,115
88,89,114
66,89,65
89,88,65
89,116,115
116,89,90
89,67,90
67,89,66
380,379,335
336,380,335
380,336,337
381,380,337
964,997,996
997,964,965
995,964,996
963,964,995
893,857,894
893,856,857
927,893,928
928,893,894
993,962,994
962,993,961
961,993,960
993,992,960
1104,1127,1126
1127,1104,1105
1106,1127,1105
1128,1127,1106
1167,1150,1151
1150,1167,1166
1149,1150,1165
1150,1166,1165
1171,1154,1155
1154,1171,1170
1153,1154,1169
1154,1170,1169
1059,1085,1084
1058,1059,1084
1059,1058,1030
1031,1059,1030
1108,1086,1109
1085,1086,1108
1059,1086,1085
1086,1059,1060
1072,1073,1099
1072,1099,1098
1016,985,1017
985,1016,984
1016,1017,1047
1046,1016,1047
1016,983,984
1016,1015,983
1142,1120,1143
1120,1121,1143
1121,1120,1098
1120,1097,1098
1173,1158,1174
1157,1158,1173
1136,1158,1157
1158,1136,1137
1140,1160,1159
1140,1159,1139
1161,1140,1141
1160,1140,1161
912,913,947
946,912,947
912,874,875
874,912,911
911,912,945
912,946,945
876,841,842
876,842,877
913,876,914
914,876,877
876,840,841
840,876,875
912,876,913
876,912,875
717,756,716
756,755,716
1117,1140,1139
1140,1117,1118
911,944,910
944,911,945
980,944,945
979,944,980
944,979,978
943,944,978
828,827,788
788,827,787
900,933,899
933,900,934
829,788,789
829,828,788
713,751,712
752,751,713
751,711,712
751,750,711
832,866,831
866,832,867
753,713,714
753,752,713
940,974,939
974,940,975
882,846,847
882,881,846
848,882,847
882,848,883
952,986,951
986,952,987
952,988,987
952,953,988
983,949,984
948,949,983
949,950,985
949,985,984
950,916,951
916,917,951
725,688,726
688,725,687
765,725,726
764,725,765
686,725,724
725,686,687
725,763,724
725,764,763
785,824,784
824,785,825
859,824,860
860,824,825
826,785,786
785,826,825
826,861,860
826,860,825
827,826,787
826,786,787
861,826,862
826,827,862
706,707,745
707,746,745
707,706,668
669,707,668
708,669,670
708,707,669
812,773,813
773,812,772
733,732,694
694,732,693
732,773,772
773,732,733
620,579,621
620,578,579
658,620,621
657,620,658
620,619,577
578,620,577
735,695,696
695,735,734
695,658,696
695,657,658
695,733,694
733,695,734
247,216,248
216,247,215
285,247,248
284,247,285
215,247,214
247,246,214
247,284,283
246,247,283
280,244,281
244,280,243
212,244,211
244,243,211
155,182,154
182,155,183
182,183,214
213,182,214
220,190,221
189,190,220
162,190,161
190,189,161
222,190,191
221,190,222
190,163,191
163,190,162
610,566,567
610,609,566
611,610,568
568,610,567
653,610,611
610,653,652
651,687,650
651,688,687
608,651,650
609,651,608
688,651,689
689,651,652
610,651,609
651,610,652
166,137,167
136,137,166
137,136,109
137,109,110
137,168,167
137,138,168
137,111,138
111,137,110
112,86,113
86,87,113
86,64,87
86,63,64
111,86,112
86,111,85
63,86,62
62,86,85
83,84,109
109,84,110
84,83,60
61,84,60
84,111,110
111,84,85
84,61,62
84,62,85
930,929,896
929,895,896
929,930,965
964,929,965
895,929,894
929,928,894
929,963,928
929,964,963
892,927,926
892,893,927
892,855,856
893,892,856
891,892,925
892,926,925
854,892,891
855,892,854
1023,1050,1022
1050,1023,1051
992,1023,1022
993,1023,992
1051,1023,1052
1023,1024,1052
1024,1023,994
1023,993,994
1127,1148,1126
1148,1147,1126
1148,1127,1128
1149,1148,1128
1129,1108,1130
1129,1107,1108
1151,1129,1130
1150,1129,1151
1107,1129,1106
1129,1128,1106
1129,1150,1149
1129,1149,1128
1036,1065,1064
1036,1037,1065
1063,1036,1064
1036,1063,1035
1005,1036,1035
1036,1005,1006
1007,974,975
974,1007,1006
1036,1007,1037
1007,1036,1006
1007,1008,1038
1037,1007,1038
1088,1089,1111
1089,1112,1111
1089,1088,1062
1063,1089,1062
1090,1089,1064
1089,1063,1064
1110,1133,1132
1133,1110,1111
1133,1153,1132
1133,1154,1153
1112,1133,1111
1133,1112,1134
1133,1134,1155
1154,1133,1155
1087,1088,1111
1110,1087,1111
1087,1110,1109
1086,1087,1109
974,973,939
939,973,938
1005,973,1006
973,974,1006
1071,1072,1098
1097,1071,1098
1071,1042,1043
1042,1071,1070
1071,1096,1070
1096,1071,1097
948,982,947
982,948,983
979,1012,1011
1012,979,980
1012,1041,1011
1041,1012,1042
1042,1012,1043
1012,1013,1043
1045,1046,1074
1073,1045,1074
1045,1016,1046
1016,1045,1015
1119,1120,1142
1119,1142,1141
1120,1119,1097
1119,1096,1097
1140,1119,1141
1119,1140,1118
1119,1118,1095
1096,1119,1095
1113,1136,1135
1113,1114,1136
1113,1090,1091
1114,1113,1091
1134,1113,1135
1112,1113,1134
1089,1113,1112
1113,1089,1090
874,838,839
838,874,873
839,838,799
838,798,799
718,757,717
757,756,717
1008,1039,1038
1039,1008,1009
1096,1069,1070
1069,1096,1095
1069,1042,1070
1069,1041,1042
1094,1069,1095
1069,1094,1068
1117,1094,1118
1118,1094,1095
899,932,898
933,932,899
931,932,966
966,932,967
897,932,931
932,897,898
999,968,1000
968,999,967
968,932,933
932,968,967
968,1001,1000
968,969,1001
968,933,934
969,968,934
1063,1034,1035
1034,1063,1062
1003,1032,1002
1033,1032,1003
1001,1032,1031
1032,1001,1002
1032,1059,1031
1059,1032,1060
969,935,970
935,969,934
935,971,970
935,936,971
754,715,716
755,754,716
715,754,714
754,753,714
756,796,755
755,796,795
757,796,756
796,757,797
1007,976,1008
976,1007,975
882,918,881
918,882,919
952,918,953
953,918,919
881,918,880
918,917,880
918,952,951
917,918,951
878,915,877
915,914,877
915,948,914
915,949,948
949,915,950
915,916,950
879,845,880
879,844,845
916,879,917
917,879,880
843,879,878
844,879,843
879,915,878
915,879,916
599,557,600
556,557,599
602,559,603
559,560,603
559,518,560
559,517,518
429,473,428
473,429,474
518,473,474
517,473,518
784,823,783
824,823,784
823,859,858
823,824,859
782,823,822
823,782,783
857,823,858
823,857,822
709,670,671
709,708,670
710,709,672
672,709,671
709,710,749
748,709,749
746,747,786
786,747,787
707,747,746
708,747,707
747,748,788
747,788,787
709,747,708
747,709,748
775,774,735
735,774,734
774,773,733
774,733,734
245,282,281
244,245,281
245,244,212
213,245,212
282,245,283
245,246,283
246,245,214
245,213,214
1061,1032,1033
1032,1061,1060
1061,1086,1060
1061,1087,1086
1061,1034,1062
1034,1061,1033
1088,1061,1062
1087,1061,1088
981,946,947
982,981,947
946,981,945
981,980,945
981,1012,980
1012,981,1013
1014,981,982
981,1014,1013
1015,1014,983
1014,982,983
838,837,798
798,837,797
758,718,719
758,757,718
757,758,797
758,798,797
759,758,720
720,758,719
758,759,799
798,758,799
1037,1066,1065
1066,1037,1038
1065,1066,1091
1066,1092,1091
1039,1066,1038
1066,1039,1067
1136,1115,1137
1114,1115,1136
1115,1114,1091
1092,1115,1091
1040,1039,1009
1010,1040,1009
1039,1040,1067
1067,1040,1068
1040,1010,1011
1041,1040,1011
1069,1040,1041
1040,1069,1068
1004,1003,971
1004,971,972
1004,1033,1003
1004,1034,1033
1004,973,1005
973,1004,972
1004,1005,1035
1034,1004,1035
904,866,867
904,903,866
973,937,938
937,973,972
904,937,903
937,904,938
936,937,971
971,937,972
937,936,902
903,937,902
935,901,936
936,901,902
900,901,934
901,935,934
829,863,828
864,863,829
863,901,900
901,863,864
863,827,828
827,863,862
863,899,862
863,900,899
944,909,910
909,944,943
906,941,940
941,906,907
940,941,975
941,976,975
559,558,517
558,516,517
472,473,517
516,472,517
473,472,428
472,427,428
850,814,815
814,850,849
814,775,815
814,774,775
773,814,813
774,814,773
1072,1044,1073
1044,1045,1073
1045,1044,1015
1044,1014,1015
1071,1044,1072
1044,1071,1043
1013,1044,1043
1014,1044,1013
836,796,797
837,836,797
796,836,795
836,835,795
1116,1117,1139
1138,1116,1139
1115,1116,1137
1116,1138,1137
791,832,831
832,791,792
791,751,752
792,791,752
905,939,938
904,905,938
905,940,939
905,906,940
908,870,871
870,908,907
836,870,835
870,836,871
906,870,907
870,906,869
753,793,752
793,792,752
793,832,792
793,833,832
872,838,873
872,837,838
872,873,910
909,872,910
872,836,837
836,872,871
872,908,871
872,909,908
942,909,943
909,942,908
942,941,907
908,942,907
601,642,600
601,643,642
557,601,600
558,601,557
643,601,644
601,602,644
601,559,602
601,558,559
1066,1093,1092
1093,1066,1067
1093,1115,1092
1093,1116,1115
1094,1093,1068
1093,1067,1068
1093,1094,1117
1116,1093,1117
903,865,866
865,903,902
866,865,831
865,830,831
901,865,902
865,901,864
865,864,829
830,865,829
905,868,906
906,868,869
832,868,867
833,868,832
868,904,867
868,905,904
870,834,835
834,870,869
868,834,869
834,868,833
1010,977,978
977,1010,1009
977,943,978
977,942,943
1008,977,1009
976,977,1008
941,977,976
942,977,941
794,754,755
794,755,795
835,794,795
834,794,835
754,794,753
794,793,753
793,794,833
794,834,833
558,515,516
515,558,557
515,472,516
472,515,471
