2136,2137,2146
698,595,797
746,698,797
698,645,595
796,746,797
29,11,30
53,29,30
12,11,10
0,1,14
2120,2097,2098
1607,1549,1537
1549,1607,1595
1652,1607,1707
1607,1652,1595
2134,2117,2121
136,201,105
49,74,27
51,49,27
11,28,27
29,28,11
13,12,10
0,13,10
13,0,14
24,9,25
24,23,9
48,26,25
2005,1970,1971
2145,2134,2121
2119,2096,2121
2116,2117,2134
202,136,168
136,202,201
696,698,746
696,645,698
278,362,361
50,49,51
49,50,74
81,80,53
1368,1430,1289
1304,1368,1289
852,1049,1289
699,749,747
649,699,747
475,497,474
497,523,474
497,475,498
523,546,572
1934,1935,1971
2145,2133,2134
2137,2138,2146
2138,2139,2146
2039,2008,2040
1898,1899,1936
1816,1769,1770
1769,1816,1857
2070,2097,2040
2070,2071,2097
1130,1129,1098
1129,1063,1098
1760,1706,1707
1760,1810,1759
1856,1760,1707
1810,1760,1856
2117,2118,2121
2118,2119,2121
2115,2116,2134
103,106,105
103,75,106
76,75,74
50,76,74
76,50,77
408,452,500
200,237,236
167,200,199
405,278,407
278,405,362
318,277,278
318,278,361
360,318,361
26,46,25
9,22,21
23,22,9
52,28,29
52,29,53
80,52,53
921,852,860
549,649,500
649,549,599
1177,1240,1289
1240,1304,1289
1049,1115,1289
1115,1177,1289
497,524,523
524,546,523
524,497,498
524,547,546
1141,1107,1142
2119,2095,2096
2095,2119,2094
2144,2145,2146
2138,2125,2139
2140,2141,2146
2139,2140,2146
1715,1716,1735
1814,1813,1783
1729,1710,1730
1710,1711,1730
1711,1710,1676
1764,1763,1730
1763,1729,1730
1972,1973,2006
2039,2007,2008
1973,2007,2006
1897,1858,1898
1858,1897,1857
1708,1728,1727
1550,1608,1717
1550,1717,1538
1430,1478,1538
1717,1761,1857
1761,1769,1857
1718,1761,1717
1769,1761,1718
1664,1718,1717
1608,1664,1717
1609,1664,1608
1166,1167,1194
1167,1166,1132
1424,1423,1386
1173,1141,1142
1235,1234,1199
1235,1200,1263
1200,1235,1199
1327,1365,1326
1365,1364,1326
971,1006,943
1713,1679,1714
1713,1732,1712
1448,1423,1424
1423,1448,1447
1679,1680,1714
1680,1715,1714
1896,1855,1856
1895,1896,1935
1536,1549,1595
1549,1536,1537
1429,1415,1352
240,239,201
279,239,280
203,202,168
204,203,168
408,363,409
363,408,320
452,501,500
650,649,599
277,276,238
276,237,238
135,134,104
134,102,104
405,404,362
362,404,361
595,496,407
496,451,407
101,73,102
48,73,72
102,73,104
798,827,773
475,476,498
647,674,646
48,47,26
47,46,26
1,34,14
3,15,2
15,35,2
852,984,1049
921,984,852
852,803,860
573,547,574
597,573,574
547,573,546
596,573,597
546,573,572
573,596,572
913,914,946
1140,1105,1141
1105,1104,1074
1105,1140,1104
956,957,982
1082,1081,1044
1146,1145,1111
1144,1145,1176
1176,1145,1207
1018,1017,980
981,982,1019
981,956,982
1018,981,1019
981,1018,980
1112,1113,1149
1113,1150,1149
2141,2142,2146
2142,2143,2146
2143,2129,2130
2143,2131,2146
2131,2143,2130
2131,2111,2112
2131,2144,2146
2113,2132,2112
2132,2131,2112
2131,2132,2144
1716,1736,1735
1813,1828,1812
1828,1827,1812
1542,1503,1504
1732,1731,1712
1765,1731,1732
1731,1765,1764
1731,1711,1712
1731,1764,1730
1711,1731,1730
1782,1813,1812
1765,1782,1764
1813,1782,1783
1782,1765,1783
1710,1675,1676
1655,1675,1674
1827,1811,1812
1811,1827,1826
1937,1972,1936
1780,1811,1826
1673,1708,1727
1708,1673,1674
1478,1491,1538
1491,1550,1538
2041,2042,2070
2041,2070,2040
1099,1130,1098
1063,1064,1098
1064,1099,1098
1099,1064,1065
1198,1234,1233
1234,1198,1199
1197,1232,1196
1232,1197,1233
1197,1198,1233
1198,1197,1170
1234,1261,1233
1260,1232,1233
1260,1300,1299
1261,1260,1233
1260,1261,1300
1324,1363,1362
1300,1324,1299
1323,1324,1362
1324,1323,1299
1133,1167,1132
1167,1133,1168
1133,1134,1168
1168,1169,1196
1134,1169,1168
1169,1134,1135
1169,1197,1196
1170,1169,1135
1197,1169,1170
1069,1101,1068
1134,1101,1135
1101,1134,1068
1102,1101,1069
1101,1102,1135
1109,1077,1078
1239,1269,1268
1267,1238,1268
1238,1239,1268
1237,1267,1266
1238,1237,1204
1237,1238,1267
1173,1172,1141
1140,1172,1202
1172,1140,1141
1235,1262,1234
1262,1261,1234
1262,1235,1263
1303,1264,1328
1264,1303,1263
1327,1303,1328
1364,1389,1363
1325,1364,1363
1324,1325,1363
1325,1324,1300
1364,1325,1326
1390,1364,1365
1390,1365,1391
1389,1390,1427
1390,1389,1364
1390,1452,1427
1033,1071,1006
1678,1713,1712
1713,1678,1679
1677,1711,1676
1711,1677,1712
1677,1678,1712
1678,1677,1658
1733,1713,1714
1713,1733,1732
1734,1715,1735
1715,1734,1714
1734,1733,1714
1733,1734,1767
1660,1680,1679
1251,1290,1250
1379,1417,1416
1479,1441,1480
1417,1441,1416
1441,1440,1416
1440,1441,1479
1503,1482,1504
1415,1351,1352
1224,1163,1288
1224,1162,1163
1287,1224,1288
321,319,279
319,321,320
166,135,167
134,133,102
406,404,405
451,406,407
406,405,407
496,495,451
596,622,572
748,724,725
798,774,799
774,798,773
774,724,748
826,853,825
911,883,912
623,596,597
623,647,646
622,623,646
623,622,596
647,675,674
1077,1041,1078
1080,1146,1111
1080,1079,1043
1079,1080,1111
1010,975,1011
34,33,14
15,36,35
79,52,80
1431,1478,1430
1431,1491,1478
947,914,915
914,947,946
885,914,913
885,855,856
855,828,856
828,798,799
798,828,827
828,855,827
1035,1036,1074
1036,1035,1009
944,911,912
944,972,971
911,944,943
944,971,943
1075,1076,1107
1075,1105,1074
1010,1039,1038
1039,1010,1011
1039,1075,1038
1075,1039,1076
1012,1040,1011
1076,1040,1077
1040,1041,1077
1041,1040,1012
1040,1039,1011
1039,1040,1076
957,983,982
983,957,958
957,920,896
920,957,956
1017,1045,1044
1045,1082,1044
1018,1045,1017
1148,1112,1149
1148,1082,1112
1015,1080,1043
1046,1018,1019
1047,1046,1019
1046,1047,1084
1046,1045,1018
955,981,980
981,955,956
1150,1114,1151
1114,1113,1084
1113,1114,1150
2038,2069,2037
2068,2069,2096
1392,1428,1391
1428,1392,1454
1366,1327,1328
1366,1392,1391
1365,1366,1391
1366,1365,1327
1682,1736,1716
1829,1813,1814
1829,1828,1813
1657,1677,1676
1658,1657,1622
1677,1657,1658
1601,1602,1622
1505,1543,1504
1543,1542,1504
1656,1675,1655
1675,1656,1676
1656,1657,1676
1728,1709,1729
1675,1709,1674
1709,1708,1674
1708,1709,1728
1709,1710,1729
1709,1675,1710
1781,1763,1764
1811,1781,1812
1781,1782,1812
1782,1781,1764
1781,1780,1763
1780,1781,1811
2099,2120,2098
2079,2080,2105
1440,1378,1416
1378,1379,1416
1654,1655,1674
1673,1654,1674
1550,1551,1608
1066,1100,1065
1100,1066,1132
1100,1099,1065
1198,1171,1199
1171,1198,1170
1361,1323,1362
1323,1361,1322
1232,1231,1196
1298,1323,1322
1323,1298,1299
1109,1108,1077
1108,1076,1077
1107,1108,1142
1076,1108,1107
1206,1176,1207
1239,1206,1269
1423,1385,1386
1485,1506,1484
1506,1505,1484
1485,1446,1447
1446,1485,1484
1448,1486,1447
1486,1485,1447
1035,1073,1034
1104,1073,1074
1073,1035,1074
1203,1173,1204
1237,1203,1204
1203,1172,1173
1172,1203,1202
1302,1327,1326
1302,1262,1263
1303,1302,1263
1302,1303,1327
1262,1301,1261
1325,1301,1326
1301,1302,1326
1302,1301,1262
1261,1301,1300
1301,1325,1300
1449,1448,1424
1363,1388,1362
1389,1388,1363
1512,1490,1452
1490,1512,1511
971,1007,1006
1007,1033,1006
972,1007,971
1033,1007,1034
1102,1070,1103
1070,1071,1103
1070,1102,1069
1603,1604,1624
1604,1603,1567
1678,1659,1679
1660,1659,1624
1659,1660,1679
1659,1678,1658
1733,1766,1732
1765,1766,1783
1766,1765,1732
1766,1733,1767
1767,1768,1785
1734,1768,1767
1786,1768,1735
1768,1786,1785
1768,1734,1735
1606,1570,1627
1626,1606,1627
1606,1626,1605
1660,1661,1680
1500,1440,1479
1290,1291,1315
1251,1291,1290
1379,1380,1417
1354,1380,1379
1190,1191,1226
1444,1443,1419
1443,1444,1482
1477,1429,1537
1477,1415,1429
450,406,451
406,450,404
673,622,646
674,673,646
883,884,912
884,913,912
884,885,913
885,884,855
525,524,498
524,525,547
828,829,856
829,828,799
775,748,725
774,775,799
775,774,748
624,623,597
623,624,647
697,675,725
724,697,725
697,724,674
675,697,674
1013,1012,977
1013,1041,1012
1079,1110,1078
1110,1145,1144
1109,1110,1144
1110,1109,1078
1145,1110,1111
1110,1079,1111
948,947,915
947,948,975
71,48,72
1010,974,975
974,947,975
974,1010,1009
947,974,946
974,973,946
973,974,1009
1010,1037,1009
1037,1010,1038
1037,1036,1009
1036,1037,1074
1075,1037,1038
1037,1075,1074
945,913,946
973,945,946
913,945,912
945,973,972
945,944,912
944,945,972
1035,1008,1009
1008,973,1009
973,1008,972
1008,1035,1034
1007,1008,1034
1008,1007,972
1106,1075,1107
1075,1106,1105
1106,1107,1141
1105,1106,1141
1021,983,958
1021,1086,1048
1047,1020,1048
983,1020,982
982,1020,1019
1020,1047,1019
1020,1021,1048
1021,1020,983
1082,1083,1112
1045,1083,1082
1083,1113,1112
1046,1083,1045
1113,1083,1084
1083,1046,1084
1081,1016,1044
1016,1017,1044
949,950,977
950,949,917
1015,979,952
979,951,952
1047,1085,1084
1085,1114,1084
1085,1047,1048
1086,1085,1048
1114,1085,1151
1367,1366,1328
1366,1367,1392
1630,1663,1685
1601,1565,1602
1599,1563,1600
1543,1563,1542
1620,1599,1600
1620,1656,1655
1601,1621,1600
1656,1621,1657
1621,1620,1600
1620,1621,1656
1657,1621,1622
1621,1601,1622
2120,2135,2097
2104,2125,2138
2125,2104,2105
2104,2078,2079
2104,2079,2105
1378,1353,1379
1354,1353,1315
1353,1354,1379
1654,1619,1655
1619,1620,1655
1620,1619,1599
1166,1131,1132
1131,1100,1132
1165,1131,1166
1100,1131,1099
1099,1131,1130
1131,1165,1130
970,942,1005
970,1005,1004
1071,1137,1103
1171,1137,1199
1136,1102,1103
1136,1171,1170
1136,1170,1135
1102,1136,1135
1137,1136,1103
1136,1137,1171
1167,1195,1194
1195,1167,1168
1195,1168,1196
1231,1195,1196
1259,1231,1232
1298,1259,1299
1259,1260,1299
1260,1259,1232
1231,1259,1258
1259,1298,1258
1143,1109,1144
1143,1108,1109
1108,1143,1142
1385,1360,1386
1360,1361,1386
1361,1360,1322
1360,1385,1359
1297,1298,1322
1298,1297,1258
1446,1422,1447
1422,1423,1447
1422,1385,1423
1486,1507,1485
1506,1507,1545
1507,1506,1485
1508,1507,1486
1073,1072,1034
1072,1033,1034
1033,1072,1071
1139,1073,1104
1140,1139,1104
1236,1237,1266
1236,1203,1237
1236,1265,1202
1265,1236,1266
1203,1236,1202
1453,1428,1454
1428,1453,1391
1548,1509,1510
1509,1548,1547
1508,1509,1547
1426,1389,1427
1426,1388,1389
1425,1449,1424
1426,1425,1388
1566,1603,1602
1566,1565,1545
1565,1566,1602
1603,1566,1567
1548,1568,1547
1604,1568,1605
1568,1567,1547
1568,1604,1567
1623,1603,1624
1659,1623,1624
1603,1623,1602
1623,1659,1658
1602,1623,1622
1623,1658,1622
1784,1814,1783
1766,1784,1783
1814,1784,1815
1784,1766,1767
1784,1785,1815
1784,1767,1785
1569,1606,1605
1568,1569,1605
1569,1568,1548
1606,1569,1570
1569,1548,1510
1680,1681,1715
1661,1681,1680
1681,1716,1715
1681,1682,1716
1626,1625,1605
1661,1625,1626
1625,1604,1605
1625,1661,1660
1625,1660,1624
1604,1625,1624
1164,1191,1129
1130,1164,1129
1191,1164,1192
1165,1164,1130
1164,1165,1192
1227,1191,1192
1254,1227,1255
1227,1228,1255
1228,1227,1192
1227,1254,1226
1191,1227,1226
1420,1444,1419
1505,1483,1484
1483,1505,1504
1482,1483,1504
1444,1483,1482
1441,1442,1480
1442,1441,1417
1443,1418,1419
1442,1418,1443
1380,1418,1417
1418,1442,1417
1017,954,980
954,955,980
776,777,801
889,917,888
855,854,827
884,854,855
854,826,827
854,884,883
854,853,826
854,883,853
547,548,574
525,548,547
548,525,526
575,548,526
548,575,574
477,499,476
499,477,526
525,499,526
476,499,498
499,525,498
829,857,856
857,829,830
858,857,830
800,775,776
829,800,830
830,800,801
800,776,801
800,829,799
775,800,799
648,675,647
624,648,647
675,648,676
648,624,625
648,625,676
575,598,574
598,575,625
624,598,625
598,597,574
598,624,597
1042,1079,1078
1041,1042,1078
1013,1042,1041
1079,1042,1043
916,948,915
948,916,949
917,916,888
949,916,917
975,976,1011
948,976,975
976,1012,1011
976,948,949
1012,976,977
976,949,977
920,895,896
978,950,951
979,978,951
978,1013,977
950,978,977
1014,1015,1043
1014,979,1015
1042,1014,1043
1014,978,979
1014,1042,1013
978,1014,1013
2038,2004,2005
1329,1367,1328
1367,1393,1392
1329,1393,1367
1663,1686,1685
1631,1663,1630
1631,1686,1663
1563,1562,1542
1562,1563,1599
1544,1506,1545
1565,1544,1545
1506,1544,1505
1544,1543,1505
2099,2100,2120
2100,2135,2120
1762,1728,1729
1779,1762,1780
1762,1779,1728
1763,1762,1729
1780,1762,1763
1314,1290,1315
1353,1314,1315
1290,1314,1250
1314,1353,1378
1618,1619,1654
970,941,942
941,970,1004
882,883,911
883,882,853
853,882,825
1175,1143,1144
1175,1144,1176
1206,1175,1176
1321,1360,1359
1297,1321,1296
1360,1321,1322
1321,1297,1322
1356,1318,1357
1318,1319,1357
1318,1317,1293
1317,1318,1356
1320,1321,1359
1321,1320,1296
1567,1546,1547
1546,1508,1547
1546,1507,1508
1566,1546,1567
1507,1546,1545
1546,1566,1545
1449,1487,1448
1487,1509,1508
1487,1486,1448
1487,1508,1486
1510,1489,1511
1489,1490,1511
1388,1387,1362
1425,1387,1388
1387,1361,1362
1387,1425,1424
1387,1424,1386
1361,1387,1386
1662,1661,1626
1662,1681,1661
1682,1662,1627
1662,1626,1627
1681,1662,1682
1252,1291,1251
1229,1256,1228
1228,1256,1255
1257,1297,1296
1256,1257,1296
1257,1256,1229
1297,1257,1258
1193,1166,1194
1229,1193,1194
1193,1165,1166
1193,1229,1228
1165,1193,1192
1193,1228,1192
1382,1356,1357
1382,1420,1419
1383,1382,1357
1382,1383,1420
1483,1445,1484
1445,1446,1484
1420,1445,1444
1445,1483,1444
1418,1381,1419
1381,1382,1419
1382,1381,1356
1381,1418,1380
950,918,951
918,950,917
889,918,917
914,886,915
857,886,856
886,885,856
885,886,914
887,857,858
887,916,915
886,887,915
887,886,857
887,858,888
916,887,888
894,919,955
895,919,894
955,919,956
919,920,956
919,895,920
1785,1831,1815
1542,1541,1503
1562,1541,1542
1541,1562,1561
1541,1502,1503
1619,1598,1599
1598,1562,1599
1562,1598,1561
1618,1598,1619
1502,1481,1503
1481,1442,1443
1481,1482,1503
1481,1443,1482
1442,1481,1480
1481,1502,1480
1596,1617,1616
1564,1565,1601
1564,1544,1565
1564,1601,1600
1544,1564,1543
1563,1564,1600
1564,1563,1543
881,909,880
909,941,880
941,909,942
910,911,943
910,882,911
942,910,943
882,910,881
909,910,942
910,909,881
1205,1206,1239
1205,1175,1206
1238,1205,1239
1205,1238,1204
1294,1254,1255
1318,1294,1319
1254,1294,1293
1294,1318,1293
1316,1354,1315
1291,1316,1315
1450,1425,1426
1425,1450,1449
1451,1426,1427
1489,1451,1490
1452,1451,1427
1490,1451,1452
1451,1450,1426
1450,1451,1489
1225,1190,1226
1225,1189,1190
1225,1252,1189
1317,1292,1293
1316,1292,1317
1252,1292,1291
1292,1316,1291
1295,1320,1319
1256,1295,1255
1295,1294,1255
1294,1295,1319
1320,1295,1296
1295,1256,1296
1230,1229,1194
1230,1257,1229
1195,1230,1194
1257,1230,1258
1230,1231,1258
1230,1195,1231
1385,1384,1359
1422,1384,1385
594,545,595
545,496,595
831,830,801
831,858,830
890,918,889
918,890,951
1831,1830,1815
1830,1814,1815
1830,1829,1814
1540,1560,1539
1560,1540,1561
1540,1541,1561
1541,1540,1502
1539,1559,1500
1559,1596,1616
1559,1560,1596
1560,1559,1539
1653,1673,1672
1617,1653,1672
1653,1617,1618
1653,1654,1673
1653,1618,1654
2100,2122,2135
2135,2122,2136
1175,1174,1143
1205,1174,1175
1143,1174,1142
1174,1205,1204
1174,1173,1142
1173,1174,1204
1355,1381,1380
1355,1316,1317
1355,1317,1356
1381,1355,1356
1355,1380,1354
1316,1355,1354
1488,1489,1510
1488,1450,1489
1509,1488,1510
1450,1488,1449
1488,1487,1449
1487,1488,1509
1253,1225,1226
1292,1253,1293
1253,1254,1293
1254,1253,1226
1225,1253,1252
1253,1292,1252
1358,1320,1359
1384,1358,1359
1320,1358,1319
1358,1384,1383
1319,1358,1357
1358,1383,1357
1421,1422,1446
1421,1384,1422
1384,1421,1383
1445,1421,1446
1383,1421,1420
1421,1445,1420
777,802,801
802,831,801
802,777,778
832,802,778
831,802,832
858,859,888
831,859,858
859,832,889
859,831,832
859,889,888
1597,1617,1596
1560,1597,1596
1617,1597,1618
1597,1560,1561
1598,1597,1561
1597,1598,1618
1501,1479,1480
1501,1540,1539
1501,1500,1479
1501,1539,1500
1502,1501,1480
1540,1501,1502
2101,2122,2100
2122,2123,2136
2124,2103,2104
2124,2138,2137
2124,2104,2138
11,0,10
0,11,27
136,106,137
106,136,105
54,81,53
81,54,82
1902,1939,1901
1939,1938,1901
1862,1902,1901
1861,1862,1901
1903,1939,1902
1939,1903,1940
1862,1903,1902
1903,1862,1863
1864,1903,1863
1903,1864,1904
1864,1865,1905
1904,1864,1905
908,969,907
969,968,907
1652,1706,1651
1706,1652,1707
1594,1652,1651
1652,1594,1595
1024,1090,1089
1090,1024,1025
482,532,531
532,482,483
158,189,157
189,158,190
112,80,81
80,112,111
31,54,53
31,53,30
11,31,30
12,31,11
749,699,700
750,749,700
609,661,660
661,609,610
419,464,463
464,419,420
1939,1973,1938
1973,1939,1974
1860,1861,1901
1900,1860,1901
1820,1860,1819
1860,1820,1861
1899,1860,1900
1860,1899,1859
1860,1818,1819
1818,1860,1859
1719,1769,1718
1769,1719,1770
1816,1771,1817
1771,1816,1770
1719,1771,1770
1771,1719,1720
1975,1939,1940
1939,1975,1974
1975,2008,1974
1975,2009,2008
1062,1063,1128
1063,1129,1128
851,796,797
851,850,796
851,908,907
850,851,907
850,849,796
849,795,796
849,906,905
848,849,905
849,850,907
906,849,907
1031,969,1032
969,1031,968
2115,2133,2114
2133,2115,2134
2115,2091,2116
2091,2115,2090
2091,2092,2117
2116,2091,2117
240,202,241
202,240,201
245,206,207
245,207,246
453,452,409
452,408,409
235,200,236
200,235,199
275,235,236
235,275,274
533,581,532
581,533,582
898,899,959
959,899,960
962,963,1025
963,1026,1025
1024,961,1025
961,962,1025
269,270,310
310,270,311
192,229,228
229,192,193
226,189,190
189,226,225
351,309,310
352,351,310
484,532,483
484,533,532
441,484,440
484,441,485
397,355,398
397,354,355
275,316,274
274,316,315
316,358,315
358,357,315
480,529,528
479,480,528
262,304,303
263,304,262
305,304,264
304,263,264
304,345,303
345,304,346
388,345,389
345,346,389
46,45,24
46,24,25
263,224,264
224,225,264
22,43,42
22,42,21
84,116,115
116,84,85
20,8,9
20,9,21
8,20,7
20,19,7
6,18,5
18,17,5
18,6,7
19,18,7
141,109,110
109,141,140
28,52,27
52,51,27
247,288,246
288,287,246
22,44,43
44,22,23
45,44,24
24,44,23
1117,1180,1179
1180,1117,1118
1180,1242,1179
1242,1180,1243
751,804,750
804,751,805
1242,1178,1179
1178,1242,1241
1240,1178,1241
1178,1240,1177
706,655,656
706,705,655
462,419,463
419,462,418
557,509,558
509,557,508
713,662,663
662,713,712
862,804,805
804,862,861
421,464,420
464,421,465
338,296,297
338,297,339
380,426,425
379,380,425
522,473,474
523,522,474
522,523,572
571,522,572
469,517,468
517,469,518
517,516,467
468,517,467
719,668,669
668,719,718
567,517,518
517,567,566
619,670,669
619,669,618
619,620,671
670,619,671
517,565,516
565,517,566
515,565,564
565,515,516
514,466,515
466,514,465
516,466,467
515,466,516
565,614,564
614,565,615
612,613,664
663,612,664
1529,1589,1588
1589,1529,1530
1529,1587,1528
1587,1529,1588
1529,1470,1530
1470,1529,1469
1468,1529,1528
1529,1468,1469
1587,1527,1528
1527,1587,1586
1527,1468,1528
1468,1527,1467
1465,1403,1466
1403,1404,1466
1753,1698,1699
1698,1753,1752
2140,2125,2126
2125,2140,2139
2125,2106,2126
2106,2125,2105
1915,1914,1874
1915,1874,1875
1865,1906,1905
1906,1865,1866
2007,1973,1974
2008,2007,1974
1899,1858,1859
1858,1899,1898
1858,1818,1859
1818,1858,1817
1858,1816,1817
1816,1858,1857
1773,1820,1819
1773,1774,1820
1664,1719,1718
1719,1664,1665
1669,1615,1670
1615,1669,1614
1250,1186,1187
1186,1250,1249
2070,2042,2071
2071,2042,2043
1903,1941,1940
1941,1903,1904
1941,1904,1905
1942,1941,1905
937,875,876
875,937,936
997,1063,1062
1063,997,998
937,999,936
999,937,1000
1518,1578,1577
1578,1518,1519
1786,1787,1833
1832,1786,1833
1855,1810,1856
1810,1855,1809
1934,1895,1935
1895,1934,1894
1895,1855,1896
1855,1895,1854
1594,1536,1595
1535,1536,1594
1760,1705,1706
1705,1760,1759
1706,1705,1651
1705,1650,1651
1593,1535,1594
1535,1593,1534
1593,1594,1651
1650,1593,1651
1855,1808,1809
1808,1855,1854
1219,1282,1218
1218,1282,1281
968,967,907
967,906,907
906,967,905
967,966,905
2118,2093,2119
2119,2093,2094
2092,2093,2117
2093,2118,2117
2093,2064,2065
2064,2093,2092
2063,2032,2064
2032,2063,2031
2091,2063,2092
2063,2064,2092
2093,2066,2094
2066,2093,2065
2066,2095,2094
2095,2066,2067
1929,1965,1928
1965,1929,1966
1997,2032,2031
2032,1997,1998
1998,1997,1963
1997,1962,1963
281,322,280
322,281,323
239,281,280
281,239,240
76,107,75
75,107,106
108,107,77
107,76,77
106,107,137
107,138,137
328,370,327
328,371,370
288,330,287
330,329,287
245,205,206
205,245,244
282,240,241
282,281,240
281,282,323
282,324,323
454,453,409
410,454,409
411,454,410
454,411,455
411,456,455
456,411,412
413,456,412
456,413,457
322,321,280
321,279,280
549,501,550
501,549,500
456,504,455
504,456,505
504,454,455
454,504,503
552,504,553
504,552,503
416,415,370
415,369,370
753,704,754
704,753,703
705,704,655
704,654,655
653,704,703
704,653,654
603,552,553
552,603,602
653,603,654
603,653,602
701,750,700
701,751,750
699,650,700
649,650,699
650,701,700
701,650,651
600,549,550
549,600,599
650,600,651
600,650,599
554,504,505
504,554,553
506,456,457
456,506,505
506,554,505
554,506,555
276,316,275
316,276,317
276,318,317
318,276,277
276,275,236
237,276,236
235,198,199
198,235,234
404,360,361
360,404,403
849,794,795
794,849,848
795,745,796
796,745,746
794,745,795
745,794,744
783,836,782
836,783,837
632,581,582
581,632,631
966,965,905
965,904,905
842,900,899
900,842,843
899,900,960
900,961,960
231,270,269
231,269,230
273,235,274
235,273,234
273,233,234
233,273,272
231,271,270
271,231,232
271,233,272
233,271,232
194,229,193
229,194,230
194,231,230
231,194,195
100,73,101
73,100,72
100,130,99
130,100,131
100,132,131
100,101,132
158,191,190
191,158,159
229,268,228
228,268,267
269,268,230
268,229,230
268,269,310
309,268,310
265,305,264
265,306,305
226,265,225
225,265,264
351,393,350
393,351,394
347,304,305
304,347,346
443,396,397
396,443,442
355,356,398
356,399,398
356,357,400
399,356,400
318,359,317
359,318,360
359,358,316
359,316,317
620,672,671
621,672,620
672,721,671
721,672,722
432,476,431
476,475,431
434,387,388
387,434,433
268,308,267
308,268,309
351,308,309
308,351,350
393,349,350
349,393,392
349,308,350
308,349,307
44,66,43
66,44,67
94,66,67
95,94,67
160,191,159
191,160,192
192,160,193
160,161,193
186,223,222
223,186,187
223,263,262
223,224,263
188,223,187
223,188,224
188,189,225
224,188,225
155,188,187
156,188,155
189,188,157
188,156,157
297,340,339
298,340,297
341,340,299
340,298,299
342,385,384
341,342,384
294,254,295
254,294,253
213,176,177
176,213,212
32,31,12
13,32,12
31,32,54
32,55,54
34,1,2
35,34,2
113,143,112
143,113,144
113,81,82
113,112,81
83,113,82
113,83,114
83,84,115
114,83,115
54,83,82
55,83,54
83,55,56
84,83,56
176,145,177
145,176,144
177,145,178
145,146,178
113,145,144
145,113,114
145,114,115
146,145,115
147,179,178
146,147,178
116,147,115
147,146,115
17,4,5
16,4,17
15,4,16
4,15,3
139,109,140
109,139,108
139,107,108
107,139,138
50,78,77
78,50,51
78,108,77
78,109,108
142,141,110
142,110,111
112,142,111
143,142,112
172,139,140
139,172,171
749,803,747
803,852,747
803,749,750
804,803,750
803,804,861
803,861,860
1116,1117,1179
1178,1116,1179
1116,1178,1177
1115,1116,1177
1116,1115,1049
1050,1116,1049
811,757,812
757,758,812
509,559,558
559,509,510
559,608,558
608,559,609
609,559,610
559,560,610
714,713,663
714,663,664
765,714,715
714,765,764
864,924,863
924,864,925
988,924,925
924,988,987
1119,1052,1053
1052,1119,1118
988,1052,987
1052,988,1053
861,922,860
922,921,860
375,421,420
375,420,374
332,375,331
331,375,374
424,469,468
469,424,425
337,380,379
336,337,379
337,338,381
380,337,381
337,294,295
294,337,336
338,337,296
296,337,295
475,430,431
430,475,474
473,430,474
429,430,473
385,430,384
430,385,431
570,621,620
621,570,571
619,570,620
570,619,569
667,668,718
717,667,718
569,568,520
568,519,520
568,567,518
519,568,518
568,619,618
619,568,569
668,617,669
669,617,618
568,617,567
617,568,618
716,667,717
667,716,666
563,515,564
563,514,515
614,563,564
563,614,613
612,563,613
563,612,562
375,422,421
422,375,376
421,422,465
422,466,465
613,665,664
614,665,613
665,614,615
665,615,666
665,714,664
714,665,715
716,665,666
665,716,715
611,661,610
611,662,661
662,611,663
611,612,663
897,898,959
897,959,958
957,897,958
897,957,896
783,838,837
838,783,784
1150,1212,1211
1150,1211,1149
1213,1275,1212
1275,1213,1276
1150,1213,1212
1213,1150,1151
1405,1468,1467
1468,1405,1406
1404,1405,1466
1405,1467,1466
1526,1527,1586
1526,1586,1585
1527,1526,1467
1467,1526,1466
1526,1465,1466
1526,1525,1465
1584,1526,1585
1526,1584,1525
1582,1639,1581
1639,1638,1581
1587,1643,1586
1643,1587,1644
1586,1643,1585
1643,1642,1585
1698,1643,1699
1699,1643,1644
1642,1643,1697
1643,1698,1697
1853,1895,1894
1895,1853,1854
1997,1961,1962
1961,1997,1996
1753,1804,1752
1804,1803,1752
1751,1698,1752
1698,1751,1697
1751,1696,1697
1696,1751,1750
1749,1800,1799
1749,1799,1748
1749,1801,1800
1801,1749,1750
1749,1696,1750
1696,1749,1695
1889,1929,1928
1889,1928,1888
2001,1965,1966
1965,2001,2000
1893,1853,1894
1853,1893,1852
1893,1851,1852
1851,1893,1892
2106,2127,2126
2127,2106,2107
2127,2140,2126
2140,2127,2141
2127,2142,2141
2142,2127,2128
2129,2142,2128
2142,2129,2143
2111,2110,2086
2110,2085,2086
2131,2110,2111
2110,2131,2130
2133,2132,2114
2132,2113,2114
2132,2133,2145
2144,2132,2145
2054,2022,2023
2055,2054,2023
1876,1915,1875
1915,1876,1916
1916,1876,1917
1876,1877,1917
1685,1738,1684
1738,1685,1739
1683,1738,1737
1738,1683,1684
1837,1790,1791
1790,1837,1836
1790,1738,1739
1738,1790,1789
1738,1788,1737
1788,1738,1789
1694,1749,1748
1749,1694,1695
1695,1694,1640
1694,1639,1640
1639,1694,1638
1694,1693,1638
1788,1736,1737
1736,1788,1787
1786,1736,1787
1736,1786,1735
1683,1628,1684
1628,1629,1684
1873,1832,1833
1874,1873,1833
1914,1873,1874
1913,1873,1914
1973,1937,1938
1972,1937,1973
1937,1899,1900
1899,1937,1936
1938,1937,1901
1937,1900,1901
1823,1864,1863
1822,1823,1863
1864,1823,1865
1823,1824,1865
1867,1825,1826
1825,1867,1866
1865,1825,1866
1824,1825,1865
1615,1671,1670
1671,1615,1616
1771,1772,1817
1772,1818,1817
1818,1772,1819
1772,1773,1819
1772,1771,1720
1772,1720,1721
1722,1772,1721
1773,1772,1722
1664,1610,1665
1610,1664,1609
1552,1610,1609
1610,1552,1553
1774,1821,1820
1775,1821,1774
1821,1776,1822
1776,1821,1775
1821,1862,1861
1820,1821,1861
1862,1821,1863
1821,1822,1863
1668,1722,1721
1667,1668,1721
1773,1723,1774
1723,1773,1722
1668,1723,1722
1723,1668,1669
1181,1180,1118
1119,1181,1118
926,864,865
864,926,925
926,988,925
988,926,989
926,990,989
990,926,927
990,927,928
991,990,928
1122,1056,1123
1123,1056,1057
2009,2041,2008
2008,2041,2040
2010,2041,2009
2041,2010,2042
1976,1975,1940
1941,1976,1940
1975,1976,2009
1976,2010,2009
1066,1065,1000
1066,1000,1001
765,818,764
818,765,819
875,818,876
876,818,819
939,879,940
879,939,878
822,879,821
821,879,878
820,876,819
820,877,876
820,821,878
877,820,878
1002,1066,1001
1066,1002,1067
937,938,1000
1000,938,1001
938,1002,1001
1002,938,939
938,937,876
877,938,876
939,938,878
938,877,878
1058,1123,1057
1058,1124,1123
1186,1125,1187
1124,1125,1186
1060,1125,1059
1125,1060,1126
1058,1125,1124
1125,1058,1059
935,875,936
875,935,874
999,935,936
935,999,998
1064,1063,998
999,1064,998
1064,999,1000
1065,1064,1000
1061,1062,1128
1127,1061,1128
1060,1061,1126
1061,1127,1126
1061,997,1062
997,1061,996
1061,995,996
995,1061,1060
1133,1066,1067
1066,1133,1132
1134,1133,1068
1133,1067,1068
1464,1403,1465
1403,1464,1402
1525,1464,1465
1464,1525,1524
1523,1464,1524
1464,1523,1463
1460,1520,1519
1459,1460,1519
1520,1460,1521
1460,1461,1521
1332,1269,1333
1269,1332,1268
1396,1332,1397
1332,1333,1397
1269,1334,1333
1334,1269,1270
1464,1401,1402
1401,1464,1463
1401,1463,1462
1400,1401,1462
1401,1338,1402
1338,1401,1337
1201,1264,1263
1200,1201,1263
1201,1265,1264
1265,1201,1202
1669,1613,1614
1668,1613,1669
1438,1499,1498
1499,1438,1439
1476,1536,1535
1475,1476,1535
1474,1535,1534
1474,1475,1535
1851,1806,1852
1806,1851,1805
1351,1288,1352
1351,1287,1288
1156,1217,1155
1217,1156,1218
1156,1219,1218
1156,1157,1219
1090,1156,1089
1156,1155,1089
1091,1090,1025
1026,1091,1025
1156,1091,1157
1091,1156,1090
1220,1282,1219
1282,1220,1283
1220,1284,1283
1284,1220,1221
1285,1284,1222
1284,1221,1222
1282,1346,1281
1346,1345,1281
967,1030,966
966,1030,1029
1031,1030,968
1030,967,968
1096,1097,1163
1162,1096,1163
1161,1096,1162
1095,1096,1161
1097,1096,1032
1096,1031,1032
1096,1030,1031
1030,1096,1095
1280,1218,1281
1280,1217,1218
1345,1280,1281
1344,1280,1345
1280,1216,1217
1216,1280,1279
371,417,370
417,416,370
462,417,418
461,417,462
419,373,420
420,373,374
373,331,374
373,330,331
206,170,207
170,171,207
139,170,138
170,139,171
202,242,241
203,242,202
286,245,246
287,286,246
245,286,244
286,285,244
329,286,287
328,286,329
286,328,327
285,286,327
282,283,324
283,325,324
283,282,241
242,283,241
370,326,327
369,326,370
326,369,368
325,326,368
326,285,327
285,326,284
283,326,325
326,283,284
364,411,410
411,364,365
364,410,409
363,364,409
364,321,322
364,322,365
364,363,320
321,364,320
325,367,324
367,325,368
552,502,503
502,552,551
501,502,550
550,502,551
454,502,453
502,454,503
502,452,453
502,501,452
414,367,368
367,414,413
415,414,369
369,414,368
413,414,457
414,458,457
458,414,459
414,415,459
753,702,703
752,702,753
701,702,751
702,752,751
601,552,602
552,601,551
601,600,550
601,550,551
654,604,655
603,604,654
604,603,553
554,604,553
557,507,508
556,507,557
506,507,555
507,556,555
507,458,459
507,459,508
507,506,457
458,507,457
198,166,199
166,167,199
134,166,165
166,134,135
101,133,132
133,101,102
164,133,165
133,134,165
794,793,744
744,793,743
903,845,846
845,903,902
745,695,746
695,696,746
695,745,744
694,695,744
696,695,645
695,644,645
731,730,680
731,680,681
583,632,582
632,583,633
844,789,790
789,844,843
789,740,790
740,789,739
903,964,902
964,963,902
965,964,904
964,903,904
901,963,962
963,901,902
961,901,962
900,901,961
901,845,902
845,901,844
901,900,843
844,901,843
270,312,311
271,312,270
162,130,131
130,162,161
162,194,193
161,162,193
197,166,198
166,197,165
197,198,234
233,197,234
227,192,228
227,191,192
227,226,190
191,227,190
437,480,436
480,437,481
437,482,481
437,438,482
439,484,483
484,439,440
482,439,483
438,439,482
439,393,394
440,439,394
393,439,392
439,438,392
346,390,389
347,390,346
397,353,354
396,353,397
353,310,311
353,352,310
312,353,311
353,312,354
395,351,352
351,395,394
395,353,396
353,395,352
395,441,440
395,440,394
395,396,442
441,395,442
314,274,315
314,273,274
357,314,315
356,314,357
444,397,398
444,443,397
399,444,398
445,444,399
689,740,739
740,689,690
689,639,690
639,689,638
622,571,572
622,621,571
724,774,723
723,774,773
772,723,773
723,772,722
827,772,773
826,772,827
769,720,770
720,769,719
720,719,669
670,720,669
720,670,671
721,720,671
390,435,389
435,390,436
435,388,389
435,434,388
435,480,479
480,435,436
478,435,479
434,435,478
530,482,531
482,530,481
480,530,529
530,480,481
680,629,681
629,630,681
532,580,531
581,580,532
580,530,531
530,580,579
580,581,631
630,580,631
629,580,630
580,629,579
529,578,528
578,577,528
530,578,529
578,530,579
578,628,627
577,578,627
629,578,579
578,629,628
677,726,676
726,677,727
726,675,676
675,726,725
342,386,385
386,342,343
386,432,431
385,386,431
386,387,433
432,386,433
306,348,305
348,347,305
349,348,307
307,348,306
43,65,42
66,65,43
156,125,157
157,125,126
125,94,95
125,95,126
160,129,161
129,130,161
185,186,222
185,222,221
383,430,429
430,383,384
383,340,341
383,341,384
89,119,88
119,89,120
300,341,299
300,342,341
342,300,343
300,301,343
300,259,301
259,260,301
223,261,222
261,223,262
222,261,221
261,260,221
261,262,303
302,261,303
260,261,301
261,302,301
301,344,343
302,344,301
345,344,303
344,302,303
344,386,343
386,344,387
344,345,388
387,344,388
214,213,177
214,177,178
252,214,253
213,214,252
32,33,55
55,33,56
33,32,13
33,13,14
84,57,85
57,84,56
33,57,56
57,33,34
119,87,88
87,119,118
88,87,60
87,59,60
36,15,16
37,36,16
59,36,60
36,37,60
38,16,17
38,37,16
79,80,111
110,79,111
109,79,110
78,79,109
52,79,51
79,78,51
250,249,211
211,249,210
333,377,376
377,333,334
333,375,332
375,333,376
333,292,334
292,333,291
251,292,291
250,251,291
213,251,212
251,213,252
251,250,211
251,211,212
172,208,171
171,208,207
207,208,246
208,247,246
1369,1431,1368
1431,1430,1368
1491,1431,1492
1431,1432,1492
1370,1431,1369
1431,1370,1432
1433,1370,1371
1370,1433,1432
1305,1240,1241
1240,1305,1304
1242,1305,1241
1306,1305,1242
1305,1369,1368
1304,1305,1368
1305,1370,1369
1370,1305,1306
806,862,805
862,806,863
751,806,805
752,806,751
704,755,754
755,704,705
706,755,705
755,706,756
755,808,754
808,755,809
866,808,809
808,866,865
866,926,865
926,866,927
927,866,928
866,867,928
810,866,809
866,810,867
810,757,811
757,810,756
810,755,756
755,810,809
607,556,557
556,607,606
607,557,558
608,607,558
607,657,606
657,607,658
707,657,658
707,658,708
707,706,656
657,707,656
757,707,758
758,707,708
706,707,756
707,757,756
612,561,562
611,561,612
560,561,610
561,611,610
563,513,514
513,563,562
561,513,562
513,561,512
513,464,465
514,513,465
464,513,463
513,512,463
511,559,510
559,511,560
511,561,560
561,511,512
511,461,462
461,511,510
511,462,463
512,511,463
758,759,812
759,813,812
759,758,708
709,759,708
709,659,710
710,659,660
658,659,708
659,709,708
659,609,660
659,608,609
659,607,608
607,659,658
1052,1051,987
987,1051,986
1116,1051,1117
1051,1116,1050
1117,1051,1118
1051,1052,1118
923,924,987
923,987,986
924,923,863
923,862,863
862,923,861
923,922,861
985,923,986
923,985,922
922,985,921
985,984,921
1051,985,986
985,1051,1050
985,1050,1049
984,985,1049
378,336,379
378,335,336
378,377,334
335,378,334
378,379,425
424,378,425
293,294,336
335,293,336
292,293,334
293,335,334
294,293,253
293,252,253
251,293,292
293,251,252
469,470,518
470,519,518
470,471,520
519,470,520
426,470,425
470,469,425
521,570,569
521,569,520
521,522,571
570,521,571
616,565,566
565,616,615
567,616,566
617,616,567
616,667,666
615,616,666
667,616,668
616,617,668
423,468,467
423,424,468
466,423,467
422,423,466
378,423,377
423,378,424
423,422,376
377,423,376
1531,1589,1530
1531,1590,1589
1470,1531,1530
1531,1470,1471
1472,1531,1471
1531,1472,1532
1341,1405,1404
1340,1341,1404
1405,1341,1406
1341,1342,1406
1341,1340,1276
1277,1341,1276
1641,1584,1585
1642,1641,1585
1641,1696,1695
1641,1695,1640
1641,1642,1697
1696,1641,1697
1583,1523,1524
1523,1583,1582
1584,1583,1525
1525,1583,1524
1583,1639,1582
1639,1583,1640
1641,1583,1584
1583,1641,1640
1927,1887,1888
1928,1927,1888
1887,1927,1886
1927,1926,1886
1962,1925,1963
1925,1926,1963
1926,1925,1886
1925,1885,1886
1848,1802,1849
1802,1803,1849
1803,1802,1752
1802,1751,1752
1751,1802,1750
1802,1801,1750
1847,1889,1888
1889,1847,1848
1847,1802,1848
1802,1847,1801
1890,1848,1849
1890,1889,1848
1889,1930,1929
1890,1930,1889
1931,1930,1891
1930,1890,1891
1932,1931,1891
1892,1932,1891
2068,2095,2067
2095,2068,2096
1850,1890,1849
1890,1850,1891
1850,1851,1892
1850,1892,1891
1804,1850,1803
1803,1850,1849
1851,1850,1805
1850,1804,1805
2087,2111,2086
2111,2087,2112
2087,2113,2112
2113,2087,2088
2115,2089,2090
2089,2115,2114
2113,2089,2114
2089,2113,2088
2054,2021,2022
2021,2054,2053
2021,1988,2022
1988,2021,1987
2022,1988,2023
1988,1989,2023
2109,2110,2130
2129,2109,2130
2106,2082,2107
2082,2106,2081
2054,2082,2053
2082,2081,2053
2082,2054,2055
2083,2082,2055
2110,2084,2085
2109,2084,2110
2085,2058,2086
2057,2058,2085
2058,2025,2026
2025,2058,2057
1874,1834,1875
1834,1874,1833
1787,1834,1833
1788,1834,1787
1682,1683,1737
1736,1682,1737
1682,1628,1683
1628,1682,1627
1630,1685,1684
1629,1630,1684
1630,1629,1572
1573,1630,1572
1790,1740,1791
1740,1790,1739
1791,1740,1792
1740,1741,1792
1575,1633,1632
1633,1575,1576
1634,1633,1576
1634,1576,1577
2071,2072,2097
2097,2072,2098
2072,2099,2098
2099,2072,2073
2042,2011,2043
2010,2011,2042
2080,2106,2105
2106,2080,2081
2051,2018,2019
2018,2051,2050
1915,1951,1914
1951,1915,1952
2051,2078,2050
2078,2051,2079
2078,2049,2050
2049,2078,2077
1378,1440,1439
1377,1378,1439
1551,1552,1609
1551,1609,1608
1551,1491,1492
1491,1551,1550
1719,1666,1720
1666,1719,1665
1720,1666,1721
1666,1667,1721
1671,1724,1670
1724,1671,1725
1724,1669,1670
1724,1723,1669
1724,1776,1775
1776,1724,1725
1724,1775,1774
1723,1724,1774
1054,1119,1053
1119,1054,1120
988,1054,1053
1054,988,989
1182,1181,1119
1182,1119,1120
1182,1120,1121
1183,1182,1121
1246,1182,1183
1182,1246,1245
817,818,875
817,875,874
711,662,712
662,711,661
661,711,660
711,710,660
1005,942,1006
1006,942,943
768,822,821
767,768,821
719,768,718
769,768,719
768,717,718
768,767,717
766,765,715
716,766,715
766,716,717
767,766,717
765,766,819
766,820,819
820,766,821
766,767,821
1003,939,940
1003,1002,939
1003,1004,1069
1003,1069,1068
1002,1003,1067
1067,1003,1068
810,868,867
868,810,811
868,811,812
869,868,812
873,817,874
817,873,816
1693,1637,1638
1692,1637,1693
1637,1692,1691
1636,1637,1691
1638,1580,1581
1637,1580,1638
1580,1522,1581
1522,1580,1521
1522,1582,1581
1522,1523,1582
1461,1522,1521
1522,1461,1462
1523,1522,1463
1463,1522,1462
1398,1460,1459
1397,1398,1459
1333,1398,1397
1334,1398,1333
1269,1206,1270
1270,1206,1207
1212,1274,1211
1275,1274,1212
1403,1339,1404
1339,1340,1404
1339,1403,1402
1338,1339,1402
1339,1275,1276
1340,1339,1276
1339,1274,1275
1274,1339,1338
1070,1005,1006
1071,1070,1006
1004,1070,1069
1005,1070,1004
1610,1611,1665
1611,1666,1665
1558,1615,1614
1557,1558,1614
1499,1558,1498
1558,1557,1498
1500,1499,1439
1440,1500,1439
1180,1244,1243
1181,1244,1180
1182,1244,1181
1244,1182,1245
1433,1372,1434
1372,1433,1371
1307,1242,1243
1307,1306,1242
1244,1307,1243
1307,1244,1308
1370,1307,1371
1307,1370,1306
1307,1372,1371
1372,1307,1308
1309,1246,1310
1246,1309,1245
1309,1244,1245
1244,1309,1308
1309,1374,1373
1374,1309,1310
1309,1372,1308
1372,1309,1373
1125,1188,1187
1188,1125,1126
1188,1250,1187
1188,1251,1250
1438,1376,1439
1376,1377,1439
1437,1376,1438
1375,1376,1437
1129,1191,1128
1191,1190,1128
1476,1477,1536
1536,1477,1537
1415,1477,1414
1477,1476,1414
1705,1649,1650
1704,1649,1705
1649,1593,1650
1649,1592,1593
1703,1649,1704
1649,1703,1648
1758,1705,1759
1758,1704,1705
1758,1703,1704
1703,1758,1757
1758,1810,1809
1810,1758,1759
1808,1758,1809
1758,1808,1757
1591,1647,1590
1647,1591,1648
1649,1591,1592
1591,1649,1648
1531,1591,1590
1591,1531,1532
1593,1533,1534
1592,1533,1593
1591,1533,1592
1533,1591,1532
1533,1474,1534
1474,1533,1473
1472,1533,1532
1533,1472,1473
1645,1587,1588
1587,1645,1644
1645,1699,1644
1645,1700,1699
1754,1804,1753
1804,1754,1805
1754,1753,1699
1700,1754,1699
1223,1285,1222
1285,1223,1286
1223,1287,1286
1223,1224,1287
1223,1161,1162
1224,1223,1162
1351,1350,1287
1287,1350,1286
1350,1285,1286
1350,1349,1285
1350,1415,1414
1350,1351,1415
1413,1476,1475
1476,1413,1414
1350,1413,1349
1413,1350,1414
1347,1282,1283
1347,1346,1282
1410,1347,1411
1347,1410,1346
1346,1410,1345
1410,1409,1345
1472,1410,1473
1410,1411,1473
1410,1472,1471
1409,1410,1471
1343,1280,1344
1280,1343,1279
1217,1154,1155
1216,1154,1217
1155,1154,1089
1154,1088,1089
1023,1024,1089
1088,1023,1089
1023,961,1024
961,1023,960
1023,959,960
1023,1022,959
2066,2035,2067
2034,2035,2066
2001,2035,2000
2035,2034,2000
2064,2033,2065
2032,2033,2064
2033,2066,2065
2033,2034,2066
1923,1959,1922
1959,1923,1960
1837,1878,1836
1878,1877,1836
460,509,508
459,460,508
509,460,510
460,461,510
460,415,416
415,460,459
417,460,416
460,417,461
372,417,371
417,372,418
372,419,418
372,373,419
328,372,371
372,328,329
330,372,329
373,372,330
169,136,137
136,169,168
138,169,137
170,169,138
169,204,168
169,205,204
205,169,206
169,170,206
243,205,244
205,243,204
243,242,203
243,203,204
285,243,244
243,285,284
243,283,242
283,243,284
366,322,323
322,366,365
324,366,323
367,366,324
411,366,412
366,411,365
366,413,412
366,367,413
600,652,651
601,652,600
653,652,602
652,601,602
652,701,651
652,702,701
652,653,703
702,652,703
657,605,606
605,657,656
655,605,656
604,605,655
556,605,555
605,556,606
605,554,555
605,604,554
450,495,494
495,450,451
847,794,848
847,793,794
847,848,905
904,847,905
847,903,846
903,847,904
892,953,891
953,952,891
730,679,680
729,679,730
628,679,627
679,678,627
679,629,680
629,679,628
892,835,893
835,836,893
781,731,732
781,732,782
731,781,730
781,780,730
836,781,782
835,781,836
630,682,681
682,630,631
632,682,631
683,682,632
682,731,681
731,682,732
634,684,633
684,634,685
684,632,633
684,683,632
733,783,782
732,733,782
733,682,683
682,733,732
583,584,633
584,634,633
534,484,485
484,534,533
533,534,582
534,583,582
842,788,843
788,789,843
194,163,195
162,163,194
133,163,132
163,133,164
132,163,131
163,162,131
231,196,232
196,231,195
196,233,232
196,197,233
163,196,195
196,163,164
196,164,165
197,196,165
266,228,267
266,227,228
266,265,226
227,266,226
308,266,267
266,308,307
265,266,306
266,307,306
354,313,355
312,313,354
313,356,355
313,314,356
313,271,272
313,312,271
273,313,272
314,313,273
789,738,739
788,738,789
693,744,743
693,694,744
742,693,743
693,742,692
691,740,690
740,691,741
691,742,741
742,691,692
639,691,690
691,639,640
542,590,541
590,542,591
540,590,589
590,540,541
639,590,640
590,639,589
673,672,621
622,673,621
672,673,722
673,723,722
673,724,723
724,673,674
771,824,770
824,771,825
771,772,826
771,826,825
720,771,770
771,720,721
771,721,722
772,771,722
434,477,433
477,434,478
477,476,432
477,432,433
577,527,528
527,577,576
527,479,528
527,478,479
527,477,478
477,527,526
726,775,725
775,726,776
575,527,576
527,575,526
626,577,627
577,626,576
626,575,576
575,626,625
678,626,627
677,626,678
626,677,676
625,626,676
391,349,392
391,348,349
391,390,347
348,391,347
437,391,438
438,391,392
391,437,436
390,391,436
71,70,47
71,47,48
100,71,72
71,100,99
70,69,47
47,69,46
127,158,157
127,157,126
95,127,126
96,127,95
130,98,99
129,98,130
71,98,70
98,71,99
98,69,70
69,98,97
382,338,339
338,382,381
340,382,339
383,382,340
382,383,429
428,382,429
151,119,120
119,151,150
150,151,182
151,183,182
256,298,297
256,257,298
86,116,85
86,117,116
86,87,118
117,86,118
119,149,118
149,119,150
179,215,178
215,214,178
215,254,253
214,215,253
173,208,172
208,173,209
209,173,210
173,174,210
141,173,140
173,172,140
142,173,141
174,173,142
175,176,212
211,175,212
175,211,210
174,175,210
175,143,144
176,175,144
175,142,143
175,174,142
208,248,247
248,208,209
249,248,210
248,209,210
1551,1493,1552
1493,1551,1492
1432,1493,1492
1433,1493,1432
807,864,863
806,807,863
864,807,865
807,808,865
807,752,753
807,806,752
807,753,754
808,807,754
472,429,473
472,428,429
522,472,473
521,472,522
471,472,520
472,521,520
380,427,426
427,380,381
382,427,381
427,382,428
470,427,471
427,470,426
472,427,428
427,472,471
959,1021,958
1022,1021,959
894,836,837
836,894,893
687,736,686
736,687,737
686,736,685
736,735,685
839,897,896
839,840,897
839,838,784
785,839,784
1336,1401,1400
1401,1336,1337
1271,1334,1270
1334,1271,1335
1271,1336,1335
1336,1271,1272
1080,1147,1146
1147,1080,1081
1082,1147,1081
1148,1147,1082
1080,1016,1081
1015,1016,1080
953,1016,952
1016,1015,952
1085,1086,1152
1085,1152,1151
1154,1087,1088
1087,1154,1153
1086,1087,1152
1152,1087,1153
1087,1023,1088
1023,1087,1022
1087,1021,1022
1021,1087,1086
1215,1154,1216
1154,1215,1153
1927,1964,1926
1926,1964,1963
1965,1964,1928
1964,1927,1928
1747,1694,1748
1694,1747,1693
1799,1747,1748
1798,1747,1799
1846,1887,1886
1845,1846,1886
1887,1846,1888
1846,1847,1888
1800,1846,1799
1846,1845,1799
1801,1846,1800
1847,1846,1801
1933,1934,1971
1970,1933,1971
1934,1933,1894
1933,1893,1894
1893,1933,1892
1933,1932,1892
1969,1933,1970
1933,1969,1932
1932,1969,1931
1969,1968,1931
1929,1967,1966
1930,1967,1929
1967,1930,1931
1968,1967,1931
2028,2027,1994
1994,2027,1993
1995,1961,1996
1961,1995,1960
1995,1959,1960
1959,1995,1994
2062,2091,2090
2062,2063,2091
1986,1951,1952
1987,1986,1952
1953,1988,1987
1953,1987,1952
1988,1953,1989
1989,1953,1954
1953,1915,1916
1915,1953,1952
1953,1916,1917
1954,1953,1917
2108,2127,2107
2127,2108,2128
2108,2129,2128
2108,2109,2129
2082,2108,2107
2108,2082,2083
2108,2084,2109
2084,2108,2083
2056,2083,2055
2056,2084,2083
2084,2056,2085
2056,2057,2085
2056,2055,2023
2056,2023,2024
2025,2056,2024
2056,2025,2057
1989,1990,2023
2023,1990,2024
1990,1989,1954
1955,1990,1954
2027,1992,1993
1992,2027,2026
1835,1790,1836
1790,1835,1789
1835,1788,1789
1835,1834,1788
1876,1835,1877
1877,1835,1836
1835,1876,1875
1834,1835,1875
1518,1458,1519
1458,1459,1519
1458,1396,1397
1458,1397,1459
1458,1395,1396
1395,1458,1457
1332,1331,1268
1331,1267,1268
1267,1331,1266
1331,1330,1266
1331,1332,1396
1395,1331,1396
1741,1742,1792
1742,1793,1792
1742,1794,1793
1742,1743,1794
1742,1689,1743
1689,1742,1688
1634,1689,1633
1633,1689,1688
1744,1796,1795
1796,1744,1745
1743,1744,1794
1794,1744,1795
1745,1744,1691
1744,1690,1691
1689,1744,1743
1744,1689,1690
1515,1514,1454
1455,1515,1454
1515,1455,1456
1516,1515,1456
1573,1515,1574
1515,1573,1514
1515,1575,1574
1575,1515,1516
1517,1518,1577
1576,1517,1577
1575,1517,1576
1517,1575,1516
1517,1458,1518
1458,1517,1457
1517,1516,1456
1457,1517,1456
1578,1635,1577
1635,1634,1577
1635,1636,1691
1690,1635,1691
1635,1689,1634
1689,1635,1690
1977,1941,1942
1977,1976,1941
1976,1977,2010
1977,2011,2010
2011,2044,2043
2044,2011,2012
2013,2044,2012
2044,2013,2045
2044,2071,2043
2044,2072,2071
2072,2044,2073
2044,2045,2073
1907,1906,1866
1867,1907,1866
2081,2052,2053
2080,2052,2081
2051,2052,2079
2052,2080,2079
1868,1867,1826
1827,1868,1826
1828,1868,1827
1869,1868,1828
1777,1823,1822
1776,1777,1822
1823,1777,1824
1777,1778,1824
1728,1779,1727
1779,1778,1727
1825,1779,1826
1779,1780,1826
1779,1825,1824
1778,1779,1824
1055,990,991
1056,1055,991
990,1055,989
1055,1054,989
1055,1056,1122
1055,1122,1121
1054,1055,1120
1120,1055,1121
1376,1312,1377
1377,1312,1313
1122,1184,1121
1184,1183,1121
818,763,764
817,763,818
762,763,816
763,817,816
714,763,713
763,714,764
713,763,712
763,762,712
762,761,712
761,711,712
768,823,822
823,768,769
823,769,770
824,823,770
880,879,822
823,880,822
881,823,824
881,880,823
994,1060,1059
994,995,1060
1058,994,1059
993,994,1058
1056,992,1057
992,1056,991
992,1058,1057
992,993,1058
813,870,812
870,869,812
994,932,995
932,994,931
870,932,931
932,870,871
997,934,998
934,935,998
935,934,874
934,873,874
1137,1138,1200
1137,1200,1199
1579,1578,1519
1520,1579,1519
1579,1520,1521
1580,1579,1521
1579,1635,1578
1635,1579,1636
1579,1637,1636
1579,1580,1637
1399,1336,1400
1336,1399,1335
1399,1398,1334
1399,1334,1335
1399,1400,1462
1461,1399,1462
1460,1399,1461
1398,1399,1460
1336,1273,1337
1273,1336,1272
1273,1338,1337
1273,1274,1338
1137,1072,1138
1072,1137,1071
1072,1139,1138
1139,1072,1073
1139,1201,1200
1138,1139,1200
1201,1139,1202
1139,1140,1202
1512,1571,1511
1571,1570,1511
1628,1571,1629
1629,1571,1572
1571,1628,1627
1570,1571,1627
1453,1452,1390
1453,1390,1391
1570,1569,1511
1569,1510,1511
1435,1372,1373
1372,1435,1434
1554,1610,1553
1554,1611,1610
1497,1438,1498
1497,1437,1438
1189,1127,1128
1190,1189,1128
1127,1189,1126
1189,1188,1126
1808,1807,1757
1807,1756,1757
1807,1808,1854
1853,1807,1854
1807,1853,1852
1806,1807,1852
1702,1703,1757
1756,1702,1757
1703,1702,1648
1702,1647,1648
1702,1646,1647
1646,1702,1701
1645,1646,1700
1700,1646,1701
1590,1646,1589
1647,1646,1590
1589,1646,1588
1646,1645,1588
1807,1755,1756
1755,1807,1806
1755,1806,1805
1754,1755,1805
1755,1702,1756
1702,1755,1701
1755,1754,1700
1755,1700,1701
1412,1474,1473
1411,1412,1473
1474,1412,1475
1412,1413,1475
963,1027,1026
964,1027,963
1030,1094,1029
1094,1030,1095
1157,1158,1219
1158,1220,1219
1220,1158,1221
1158,1159,1221
1468,1407,1469
1407,1468,1406
1342,1407,1406
1343,1407,1342
2069,2036,2037
2068,2036,2069
2036,2068,2067
2035,2036,2067
1999,2032,1998
1999,2033,2032
2034,1999,2000
2033,1999,2034
1999,1998,1963
1964,1999,1963
1999,1965,2000
1999,1964,1965
1883,1923,1922
1882,1883,1922
1925,1924,1885
1885,1924,1884
1883,1924,1923
1924,1883,1884
1961,1924,1962
1924,1925,1962
1923,1924,1960
1924,1961,1960
1920,1958,1957
1958,1920,1921
1959,1958,1922
1922,1958,1921
1992,1958,1993
1958,1992,1957
1958,1994,1993
1958,1959,1994
1838,1837,1791
1838,1791,1792
1793,1838,1792
1839,1838,1793
1920,1881,1921
1881,1920,1880
1881,1882,1922
1881,1922,1921
1918,1954,1917
1918,1955,1954
1877,1918,1917
1878,1918,1877
847,792,793
792,847,846
793,792,743
792,742,743
644,594,645
645,594,595
643,695,694
695,643,644
643,594,644
594,643,593
493,543,542
543,493,494
954,1016,953
1016,954,1017
954,953,892
954,892,893
894,954,893
954,894,955
777,726,727
726,777,776
728,777,727
777,728,778
677,728,727
728,677,678
728,679,729
679,728,678
779,729,730
780,779,730
728,779,778
779,728,729
634,635,685
635,686,685
635,687,686
635,636,687
584,635,634
635,584,585
734,684,685
735,734,685
684,734,683
734,733,683
734,785,784
785,734,735
783,734,784
733,734,783
441,486,485
486,441,442
443,486,442
487,486,443
488,537,536
487,488,536
488,444,445
488,445,489
444,488,443
488,487,443
537,586,536
536,586,585
635,586,636
586,635,585
586,587,637
636,586,637
839,786,840
786,839,785
736,786,735
786,785,735
687,688,737
688,738,737
688,689,739
738,688,739
636,688,687
688,636,637
689,688,638
638,688,637
540,539,491
539,490,491
358,401,357
357,401,400
446,399,400
446,445,399
401,446,400
446,401,447
445,446,489
446,490,489
490,446,491
446,447,491
65,41,42
64,41,65
42,41,21
41,20,21
20,41,19
41,40,19
124,156,155
124,125,156
68,95,67
68,96,95
68,69,97
96,68,97
68,44,45
44,68,67
46,68,45
69,68,46
128,98,129
98,128,97
128,127,96
128,96,97
128,160,159
128,129,160
158,128,159
127,128,158
183,218,182
219,218,183
256,218,257
218,256,217
258,218,219
218,258,257
298,258,299
257,258,298
258,300,299
258,259,300
220,185,221
185,220,184
220,219,183
220,183,184
259,220,260
260,220,221
220,258,219
258,220,259
254,255,295
255,296,295
296,255,297
255,256,297
87,58,59
86,58,87
57,58,85
58,86,85
58,36,59
36,58,35
58,34,35
58,57,34
181,150,182
181,149,150
218,181,182
181,218,217
148,147,116
117,148,116
148,117,118
149,148,118
147,148,179
148,180,179
181,148,149
148,181,180
39,18,19
40,39,19
18,39,17
39,38,17
63,41,64
41,63,40
63,39,40
39,63,62
63,92,91
92,63,64
90,63,91
63,90,62
61,89,88
61,88,60
90,61,62
61,90,89
37,61,60
38,61,37
39,61,38
61,39,62
289,330,288
330,289,331
289,288,247
248,289,247
1494,1554,1553
1554,1494,1495
1552,1494,1553
1493,1494,1552
1435,1494,1434
1494,1435,1495
1494,1433,1434
1494,1493,1433
838,895,837
895,894,837
895,839,896
839,895,838
1208,1270,1207
1208,1271,1270
1271,1208,1272
1272,1208,1209
1145,1208,1207
1208,1145,1146
1147,1208,1146
1208,1147,1209
1278,1216,1279
1278,1215,1216
1343,1278,1279
1278,1343,1342
1341,1278,1342
1278,1341,1277
1214,1213,1151
1152,1214,1151
1214,1152,1153
1215,1214,1153
1213,1214,1276
1214,1277,1276
1278,1214,1215
1214,1278,1277
1746,1796,1745
1796,1746,1797
1746,1747,1798
1746,1798,1797
1692,1746,1691
1746,1745,1691
1746,1692,1693
1747,1746,1693
1885,1844,1886
1844,1845,1886
1844,1885,1884
1843,1844,1884
1844,1798,1799
1845,1844,1799
1798,1844,1797
1844,1843,1797
1796,1842,1795
1795,1842,1841
1842,1796,1797
1843,1842,1797
1842,1883,1882
1842,1882,1841
1883,1842,1884
1842,1843,1884
2004,1969,1970
2004,1970,2005
2059,2027,2028
2059,2028,2060
2059,2058,2026
2027,2059,2026
2087,2059,2088
2059,2060,2088
2059,2087,2086
2058,2059,2086
2061,2089,2088
2060,2061,2088
2089,2061,2090
2061,2062,2090
1997,2030,1996
2030,1997,2031
2063,2030,2031
2062,2030,2063
2021,2020,1987
2020,1986,1987
2020,2051,2019
2020,2052,2051
2020,2021,2053
2052,2020,2053
2020,1985,1986
1985,2020,2019
1991,1990,1955
1991,1955,1956
1992,1991,1957
1957,1991,1956
1991,2025,2024
1990,1991,2024
2025,1991,2026
1991,1992,2026
1265,1329,1264
1264,1329,1328
1330,1329,1266
1329,1265,1266
1393,1455,1454
1392,1393,1454
1685,1686,1739
1686,1740,1739
1631,1575,1632
1575,1631,1574
1631,1630,1573
1631,1573,1574
1870,1869,1828
1829,1870,1828
1977,1978,2011
2011,1978,2012
2013,2014,2045
2045,2014,2046
1908,1907,1867
1868,1908,1867
1726,1776,1725
1726,1777,1776
1777,1726,1778
1778,1726,1727
1671,1726,1725
1726,1671,1672
1726,1673,1727
1673,1726,1672
1250,1314,1249
1314,1313,1249
1314,1378,1377
1314,1377,1313
1311,1374,1310
1311,1375,1374
1311,1376,1375
1311,1312,1376
1312,1248,1313
1313,1248,1249
814,870,813
870,814,871
879,941,940
880,941,879
941,1003,940
1003,941,1004
882,824,825
882,881,824
867,929,928
868,929,867
929,991,928
929,992,991
995,933,996
932,933,995
933,997,996
933,934,997
933,932,871
933,871,872
934,933,873
873,933,872
1274,1210,1211
1273,1210,1274
1210,1273,1272
1210,1272,1209
1211,1210,1149
1210,1148,1149
1210,1147,1148
1147,1210,1209
1514,1513,1454
1513,1453,1454
1453,1513,1452
1513,1512,1452
1513,1573,1572
1573,1513,1514
1513,1571,1512
1571,1513,1572
1436,1375,1437
1375,1436,1374
1374,1436,1373
1436,1435,1373
1612,1668,1667
1612,1613,1668
1666,1612,1667
1611,1612,1666
1188,1252,1251
1189,1252,1188
1413,1348,1349
1412,1348,1413
1347,1348,1411
1348,1412,1411
1348,1284,1285
1349,1348,1285
1284,1348,1283
1348,1347,1283
1092,1091,1026
1027,1092,1026
1091,1092,1157
1092,1158,1157
1158,1092,1159
1092,1093,1159
1028,965,966
1028,966,1029
1028,964,965
1028,1027,964
1094,1028,1029
1028,1094,1093
1028,1092,1027
1092,1028,1093
1160,1095,1161
1160,1094,1095
1093,1160,1159
1094,1160,1093
1160,1223,1222
1223,1160,1161
1221,1160,1222
1159,1160,1221
1470,1408,1471
1408,1409,1471
1408,1470,1469
1407,1408,1469
1408,1344,1345
1409,1408,1345
1408,1343,1344
1408,1407,1343
2002,2001,1966
1967,2002,1966
2002,2035,2001
2002,2036,2035
1879,1838,1839
1879,1839,1880
1879,1878,1837
1838,1879,1837
1881,1840,1882
1882,1840,1841
1840,1881,1880
1839,1840,1880
1840,1794,1795
1840,1795,1841
1794,1840,1793
1840,1839,1793
449,450,494
493,449,494
404,449,403
450,449,404
540,492,541
492,540,491
492,542,541
492,493,542
447,492,491
492,447,448
492,449,493
449,492,448
791,844,790
791,845,844
845,791,846
791,792,846
740,791,790
791,740,741
742,791,741
792,791,742
495,544,494
544,543,494
693,642,694
642,643,694
542,592,591
543,592,542
544,592,543
592,544,593
643,592,593
642,592,643
834,892,891
834,835,892
781,834,780
834,781,835
535,486,487
535,487,536
535,534,485
486,535,485
584,535,585
535,536,585
535,584,583
534,535,583
787,738,788
738,787,737
787,736,737
787,786,736
588,540,589
588,539,540
588,639,638
639,588,589
587,588,637
588,638,637
488,538,537
538,488,489
539,538,490
490,538,489
538,586,537
586,538,587
588,538,539
538,588,587
402,360,403
402,359,360
359,402,358
402,401,358
449,402,403
402,449,448
401,402,447
447,402,448
186,154,187
154,155,187
185,154,186
153,154,185
154,124,155
124,154,123
151,152,183
183,152,184
152,185,184
152,153,185
92,122,91
122,92,123
122,154,153
154,122,123
94,93,66
93,65,66
93,64,65
93,92,64
125,93,94
124,93,125
93,124,123
92,93,123
256,216,217
255,216,256
215,216,254
216,255,254
216,181,217
181,216,180
216,215,179
180,216,179
290,333,332
333,290,291
290,332,331
289,290,331
290,249,250
290,250,291
290,248,249
290,289,248
2029,2028,1994
1995,2029,1994
2029,1995,1996
2030,2029,1996
2028,2029,2060
2029,2061,2060
2061,2029,2062
2029,2030,2062
1950,1913,1914
1951,1950,1914
1986,1950,1951
1985,1950,1986
1394,1395,1457
1394,1457,1456
1455,1394,1456
1393,1394,1455
1331,1394,1330
1394,1331,1395
1394,1329,1330
1394,1393,1329
1687,1742,1741
1742,1687,1688
1740,1687,1741
1686,1687,1740
1633,1687,1632
1687,1633,1688
1687,1631,1632
1631,1687,1686
1912,1873,1913
1912,1872,1873
1873,1831,1832
1872,1831,1873
1831,1786,1832
1786,1831,1785
1617,1671,1616
1671,1617,1672
2045,2074,2073
2074,2045,2046
2074,2099,2073
2074,2100,2099
1943,1977,1942
1943,1978,1977
1906,1943,1905
1943,1942,1905
1907,1943,1906
1943,1907,1944
1943,1979,1978
1979,1943,1944
1979,2013,2012
1978,1979,2012
2017,2048,2016
2048,2017,2049
2017,2018,2050
2049,2017,2050
2018,1984,2019
1984,1985,2019
2017,1984,2018
1984,2017,1983
1185,1186,1249
1248,1185,1249
1185,1124,1186
1124,1185,1123
1185,1122,1123
1185,1184,1122
1247,1246,1183
1184,1247,1183
1247,1185,1248
1185,1247,1184
1246,1247,1310
1247,1311,1310
1311,1247,1312
1247,1248,1312
759,760,813
760,814,813
760,759,709
760,709,710
711,760,710
761,760,711
815,762,816
815,761,762
760,815,814
815,760,761
873,815,816
815,873,872
814,815,871
871,815,872
870,930,869
930,870,931
930,868,869
930,929,868
930,994,993
994,930,931
992,930,993
929,930,992
1435,1496,1495
1436,1496,1435
1497,1496,1437
1496,1436,1437
2003,2004,2038
2003,2038,2037
2036,2003,2037
2002,2003,2036
1969,2003,1968
2004,2003,1969
2003,1967,1968
2003,2002,1967
1920,1919,1880
1919,1879,1880
1919,1918,1878
1879,1919,1878
1919,1920,1957
1919,1957,1956
1918,1919,1955
1955,1919,1956
545,544,495
545,495,496
545,594,593
544,545,593
641,590,591
590,641,640
592,641,591
641,592,642
691,641,692
641,691,640
641,693,692
641,642,693
952,890,891
951,890,952
841,788,842
841,787,788
786,841,840
787,841,786
841,899,898
841,842,899
897,841,898
840,841,897
89,121,120
90,121,89
121,90,91
122,121,91
121,151,120
121,152,151
152,121,153
121,122,153
1830,1831,1872
1830,1872,1871
1830,1870,1829
1870,1830,1871
1912,1911,1872
1872,1911,1871
1911,1870,1871
1911,1910,1870
1910,1911,1947
1911,1948,1947
1909,1868,1869
1909,1908,1868
1870,1909,1869
1910,1909,1870
1559,1558,1499
1500,1559,1499
1615,1559,1616
1558,1559,1615
2078,2103,2077
2104,2103,2078
2075,2074,2046
2047,2075,2046
2048,2015,2016
2047,2015,2048
2014,2015,2046
2015,2047,2046
1982,2017,2016
2017,1982,1983
2015,1982,2016
1982,2015,1981
1948,1982,1947
1982,1948,1983
1980,2014,2013
1979,1980,2013
1980,2015,2014
2015,1980,1981
1554,1555,1611
1555,1612,1611
1555,1554,1495
1496,1555,1495
833,834,891
890,833,891
832,833,889
833,890,889
833,779,780
834,833,780
779,833,778
833,832,778
1950,1949,1913
1949,1912,1913
1949,1911,1912
1911,1949,1948
1949,1950,1985
1984,1949,1985
1949,1984,1983
1948,1949,1983
2074,2101,2100
2075,2101,2074
2101,2123,2122
2123,2101,2102
2076,2049,2077
2076,2048,2049
2076,2075,2047
2076,2047,2048
2103,2076,2077
2076,2103,2102
2076,2101,2075
2101,2076,2102
1908,1945,1907
1907,1945,1944
1945,1979,1944
1945,1980,1979
1613,1556,1614
1556,1557,1614
1612,1556,1613
1555,1556,1612
1557,1556,1498
1556,1497,1498
1556,1496,1497
1556,1555,1496
2123,2124,2136
2136,2124,2137
2124,2123,2102
2103,2124,2102
1946,1982,1981
1982,1946,1947
1980,1946,1981
1945,1946,1980
1946,1910,1947
1946,1909,1910
1909,1946,1908
1946,1945,1908
