1860,1884,1903
13,12,0
584,632,631
1265,1360,1496
1884,1885,1903
630,583,775
10,28,27
11,10,0
12,11,0
25,9,26
25,24,9
491,537,631
537,584,631
1313,1360,1265
1406,1360,1361
1803,1833,1860
1885,1886,1903
774,726,775
1802,1769,1770
101,73,132
49,74,27
30,29,10
29,28,10
1359,1405,1358
1266,1313,1265
1360,1451,1496
1406,1451,1360
1861,1884,1860
1861,1862,1884
1862,1863,1884
1621,1622,1662
1735,1736,1770
359,402,317
402,359,403
402,446,491
74,103,102
166,202,201
101,100,73
316,358,357
358,316,276
50,49,27
1450,1359,1495
1450,1405,1359
1359,1312,1216
1312,1264,1216
23,22,9
24,23,9
1624,1663,1623
1663,1664,1701
1771,1737,1738
1702,1737,1701
1858,1859,1883
1857,1858,1883
1801,1802,1832
1622,1539,1495
446,492,491
133,167,166
131,101,132
131,130,101
48,47,26
48,72,71
72,48,73
1497,1540,1496
1540,1623,1496
1833,1834,1860
1859,1831,1832
1736,1699,1700
1581,1539,1622
1539,1581,1538
1902,1916,1901
1902,1882,1883
134,133,102
239,238,201
278,277,238
277,318,317
47,46,26
726,678,775
678,630,775
1264,1215,1216
1540,1582,1623
1541,1582,1540
1771,1772,1803
1804,1833,1803
1804,1805,1833
1700,1661,1662
49,75,74
237,236,200
275,237,276
165,164,132
1539,1494,1495
1902,1881,1882
76,75,49
199,165,200
489,445,490
401,400,358
445,401,490
401,358,276
490,401,583
582,536,583
536,490,583
1916,1900,1901
1899,1900,1916
30,11,31
11,30,10
11,32,31
32,11,12
632,680,631
680,679,631
680,632,633
681,680,633
1864,1886,1885
1886,1864,1865
29,51,28
51,29,52
79,53,80
53,79,52
29,53,52
53,29,30
514,469,515
469,514,468
33,32,12
33,12,13
14,0,1
14,13,0
22,8,9
8,22,21
1314,1268,1315
1268,1314,1267
1314,1266,1267
1266,1314,1313
1360,1314,1361
1313,1314,1360
1497,1451,1452
1451,1497,1496
1863,1864,1885
1863,1885,1884
1414,1458,1413
1458,1414,1459
1769,1735,1770
1735,1769,1734
435,479,434
479,478,434
78,51,52
79,78,52
51,50,28
28,50,27
78,50,51
50,78,77
32,54,31
54,32,55
54,30,31
54,53,30
53,54,80
54,81,80
1094,1093,1044
1094,1044,1045
901,950,949
900,901,949
565,520,566
520,565,519
752,705,753
705,752,704
1159,1111,1160
1111,1159,1110
1209,1159,1160
1159,1209,1208
1210,1209,1161
1209,1160,1161
867,916,866
866,916,915
555,554,509
554,508,509
840,791,792
840,792,841
699,748,747
748,699,700
560,514,515
561,560,515
343,386,385
386,343,344
2,15,1
15,14,1
15,2,3
16,15,3
8,20,7
20,8,21
20,6,7
6,20,19
5,6,18
6,19,18
1624,1664,1663
1664,1624,1625
1624,1584,1625
1584,1624,1583
1369,1414,1413
1369,1413,1368
1415,1369,1370
1369,1415,1414
1320,1321,1368
1367,1320,1368
1320,1273,1274
1321,1320,1274
1364,1318,1365
1318,1364,1317
1542,1584,1583
1584,1542,1543
1542,1500,1543
1500,1542,1499
1702,1664,1665
1664,1702,1701
1887,1904,1886
1886,1904,1903
1503,1458,1459
1504,1503,1459
824,774,775
824,823,774
872,824,873
824,872,823
872,822,823
822,872,871
1259,1308,1307
1308,1259,1260
1558,1516,1559
1516,1558,1515
1866,1886,1865
1866,1887,1886
492,538,537
492,537,491
632,585,633
584,585,632
538,585,537
537,585,584
494,447,448
447,494,493
492,447,493
447,492,446
447,402,403
447,446,402
204,167,168
203,167,204
167,202,166
202,167,203
329,287,288
287,329,328
327,287,328
286,287,327
287,246,247
246,287,286
240,202,203
241,240,203
129,100,101
130,129,101
48,70,47
70,48,71
717,668,669
668,717,716
629,582,630
630,582,583
229,194,230
194,229,193
194,195,231
230,194,231
982,983,1031
983,1032,1031
881,833,882
833,881,832
833,883,882
883,833,834
544,592,591
592,544,545
498,451,452
451,498,497
783,833,832
833,783,784
833,785,834
785,833,784
903,854,855
904,903,855
892,844,893
844,892,843
846,894,845
894,846,895
844,894,893
894,844,845
890,840,841
840,890,889
799,847,798
847,799,848
801,751,752
751,801,800
852,901,900
851,852,900
386,429,385
429,386,430
478,477,434
477,433,434
474,431,475
431,474,430
610,563,564
610,564,611
565,518,519
518,565,564
564,612,611
565,612,564
854,805,855
805,806,855
657,705,704
656,657,704
1113,1065,1114
1065,1113,1064
1312,1311,1264
1264,1311,1263
1311,1359,1358
1311,1312,1359
967,919,968
919,967,918
922,872,873
872,922,921
1058,1008,1009
1008,1058,1057
1304,1255,1256
1255,1304,1303
1207,1255,1206
1255,1207,1256
1259,1211,1260
1211,1259,1210
1214,1262,1213
1262,1214,1263
1311,1262,1263
1262,1311,1310
1164,1116,1165
1116,1164,1115
1164,1214,1213
1214,1164,1165
861,813,862
813,861,812
910,861,911
861,862,911
1008,959,1009
959,960,1009
959,910,911
960,959,911
862,863,911
863,912,911
863,864,913
863,913,912
863,813,814
813,863,862
863,815,864
815,863,814
985,937,986
937,985,936
887,937,936
937,887,888
1380,1426,1425
1426,1380,1381
1380,1334,1381
1380,1333,1334
15,34,14
34,15,35
34,33,13
14,34,13
558,604,557
604,558,605
558,557,511
512,558,511
464,510,463
463,510,509
510,465,511
465,510,464
604,556,557
556,604,603
557,556,511
556,510,511
556,555,509
510,556,509
554,553,508
553,507,508
839,789,790
789,839,838
840,839,791
839,790,791
887,839,888
839,887,838
839,840,889
888,839,889
604,651,603
651,604,652
699,651,700
651,652,700
649,650,697
697,650,698
650,651,699
650,699,698
601,553,554
553,601,600
794,844,843
844,794,795
844,796,845
796,844,795
653,604,605
604,653,652
652,653,700
653,701,700
187,188,223
223,188,224
390,435,434
390,391,435
260,301,300
261,301,260
36,37,60
59,36,60
36,15,16
15,36,35
17,36,16
36,17,37
4,16,3
4,17,16
4,5,18
17,4,18
40,20,21
40,21,41
20,40,19
40,39,19
61,88,87
61,87,60
1128,1080,1129
1080,1128,1079
1225,1175,1176
1175,1225,1224
1268,1269,1315
1315,1269,1316
1217,1266,1265
1217,1218,1266
1364,1363,1317
1317,1363,1316
1498,1497,1452
1453,1498,1452
1499,1498,1454
1498,1453,1454
1702,1703,1737
1737,1703,1738
1703,1702,1665
1703,1665,1666
1834,1835,1861
1834,1861,1860
1503,1457,1458
1457,1503,1502
1318,1366,1365
1319,1366,1318
1366,1320,1367
1366,1319,1320
1410,1364,1365
1364,1410,1409
1366,1410,1365
1410,1366,1411
1546,1586,1545
1586,1546,1587
1546,1545,1502
1503,1546,1502
1546,1503,1504
1547,1546,1504
1414,1460,1459
1415,1460,1414
1469,1470,1515
1514,1469,1515
1286,1239,1287
1239,1286,1238
1238,1286,1237
1286,1285,1237
1333,1286,1334
1334,1286,1287
1286,1333,1332
1285,1286,1332
1281,1234,1282
1234,1281,1233
1329,1281,1282
1281,1329,1328
823,773,774
822,773,823
1882,1856,1857
1882,1857,1883
1801,1831,1800
1831,1801,1832
1801,1768,1802
1802,1768,1769
1768,1801,1800
1767,1768,1800
1697,1735,1734
1735,1697,1698
1580,1620,1579
1620,1580,1621
1699,1735,1698
1735,1699,1736
1580,1581,1621
1621,1581,1622
1308,1309,1355
1309,1356,1355
1258,1209,1210
1259,1258,1210
1306,1259,1307
1306,1258,1259
1308,1354,1307
1354,1308,1355
1354,1306,1307
1306,1354,1353
1304,1350,1303
1350,1304,1351
1398,1350,1351
1350,1398,1397
1398,1442,1397
1398,1443,1442
1444,1398,1399
1443,1398,1444
1352,1398,1351
1398,1352,1399
1352,1306,1353
1306,1352,1305
1304,1352,1351
1352,1304,1305
1828,1855,1827
1855,1828,1856
1426,1471,1425
1471,1470,1425
1471,1516,1515
1470,1471,1515
1557,1556,1513
1514,1557,1513
1558,1557,1515
1557,1514,1515
1599,1558,1559
1599,1559,1600
1599,1557,1558
1557,1599,1598
1599,1639,1598
1639,1599,1640
1603,1644,1643
1602,1603,1643
1641,1599,1600
1599,1641,1640
1601,1641,1600
1641,1601,1642
1642,1601,1643
1601,1602,1643
1603,1645,1644
1645,1603,1604
1690,1728,1727
1728,1690,1691
1760,1792,1759
1792,1760,1793
1760,1794,1793
1794,1760,1761
1795,1794,1762
1794,1761,1762
1726,1690,1727
1690,1726,1689
1761,1726,1762
1726,1727,1762
1791,1757,1758
1757,1791,1790
1792,1791,1759
1759,1791,1758
496,541,495
541,496,542
135,134,103
103,134,102
167,134,168
134,167,133
169,134,135
134,169,168
170,169,136
169,135,136
104,135,103
135,104,136
104,137,136
137,104,105
137,170,136
137,171,170
171,207,170
207,206,170
369,368,327
327,368,326
459,414,415
414,459,458
459,506,505
506,459,460
553,506,507
506,553,552
457,414,458
414,457,413
504,549,503
549,504,550
459,504,458
504,459,505
504,457,458
457,504,503
502,457,503
457,502,456
547,502,548
502,547,501
549,502,503
502,549,548
589,543,590
543,589,542
543,544,591
590,543,591
496,543,542
543,496,497
498,543,497
543,498,544
285,286,327
285,327,326
285,246,286
246,285,245
281,323,322
323,281,282
240,239,202
202,239,201
278,239,279
239,278,238
318,360,359
318,359,317
229,192,193
192,229,228
227,190,191
190,227,226
227,192,228
192,227,191
46,45,25
46,25,26
46,69,45
45,69,68
70,69,47
69,46,47
670,717,669
717,670,718
621,670,669
622,670,621
575,622,621
574,575,621
620,574,621
574,620,573
668,620,669
620,621,669
865,866,915
914,865,915
864,865,913
865,914,913
521,474,475
521,520,474
400,399,357
358,400,357
400,443,399
443,400,444
818,867,866
818,866,817
722,771,770
771,722,723
480,526,479
526,525,479
108,139,107
139,108,140
108,79,80
109,108,80
108,78,79
108,107,78
106,137,105
137,106,138
106,139,138
139,106,107
78,106,77
107,106,78
983,1033,1032
1033,983,984
1037,988,989
1037,989,1038
988,1037,987
1037,1036,987
1232,1183,1233
1233,1183,1184
1371,1415,1370
1371,1416,1415
1374,1326,1327
1326,1374,1373
1178,1128,1129
1128,1178,1177
837,789,838
789,837,788
887,837,838
837,887,886
504,551,550
551,504,505
506,551,505
551,506,552
599,553,600
553,599,552
599,551,552
551,599,598
601,648,600
648,601,649
985,935,936
935,985,984
983,935,984
935,983,934
935,887,936
887,935,886
886,935,885
935,934,885
933,983,982
983,933,934
933,883,884
883,933,932
934,933,885
933,884,885
880,928,879
928,880,929
880,930,929
930,880,881
592,640,591
640,639,591
736,786,785
786,736,737
736,785,784
736,784,735
589,638,637
638,589,590
638,590,591
639,638,591
686,638,639
687,686,639
808,858,857
858,808,809
810,858,809
858,810,859
852,902,901
902,852,853
903,902,854
854,902,853
901,902,950
950,902,951
989,1039,1038
990,1039,989
1089,1138,1137
1088,1089,1137
1089,1039,1040
1039,1089,1088
1239,1189,1190
1189,1239,1238
1189,1238,1237
1188,1189,1237
1189,1141,1190
1141,1189,1140
1142,1141,1093
1141,1092,1093
1139,1189,1188
1189,1139,1140
1089,1139,1138
1139,1089,1090
1095,1094,1045
1046,1095,1045
1047,1095,1046
1095,1047,1096
957,1006,956
956,1006,1005
943,894,895
944,943,895
892,891,843
891,842,843
891,890,841
842,891,841
749,748,700
701,749,700
897,898,947
946,897,947
754,802,753
802,754,803
802,752,753
802,801,752
802,852,851
852,802,803
850,802,851
802,850,801
516,561,515
561,516,562
469,516,515
470,516,469
477,432,433
432,477,476
431,432,475
432,476,475
613,565,566
613,612,565
805,756,806
806,756,757
756,709,757
709,756,708
756,707,708
707,756,755
852,804,853
804,852,803
804,805,854
804,854,853
754,804,803
804,754,755
804,756,805
756,804,755
703,656,704
703,655,656
752,703,704
751,703,752
610,609,563
563,609,562
609,610,658
657,609,658
1449,1404,1405
1450,1449,1405
1404,1357,1405
1405,1357,1358
1357,1311,1358
1311,1357,1310
1309,1357,1356
1357,1309,1310
1111,1112,1160
1160,1112,1161
1065,1066,1114
1114,1066,1115
1215,1167,1216
1167,1215,1166
1215,1214,1165
1215,1165,1166
1215,1264,1263
1214,1215,1263
872,920,871
920,872,921
920,870,871
920,919,870
919,920,968
968,920,969
970,922,971
922,970,921
970,920,921
920,970,969
1020,970,971
970,1020,1019
1019,1020,1068
1020,1069,1068
1018,968,969
968,1018,1017
970,1018,969
1018,970,1019
1117,1069,1118
1069,1117,1068
1167,1117,1118
1117,1167,1166
1116,1117,1165
1165,1117,1166
1112,1162,1161
1162,1112,1113
1162,1210,1161
1162,1211,1210
1158,1159,1208
1207,1158,1208
1159,1158,1110
1158,1109,1110
1061,1111,1110
1061,1062,1111
764,813,812
763,764,812
1059,1107,1058
1107,1059,1108
1059,1058,1009
1010,1059,1009
961,960,911
912,961,911
960,961,1009
961,1010,1009
938,988,987
988,938,939
937,938,986
986,938,987
890,938,889
938,890,939
938,937,888
938,888,889
1380,1379,1333
1333,1379,1332
1095,1143,1094
1143,1095,1144
1094,1143,1093
1143,1142,1093
1141,1191,1190
1191,1141,1142
1143,1191,1142
1191,1143,1192
1288,1334,1287
1288,1335,1334
117,88,89
117,89,118
222,261,260
261,222,223
222,187,223
187,222,186
222,185,186
185,222,221
184,185,220
185,221,220
259,222,260
222,259,221
424,469,468
424,425,469
606,559,607
559,560,607
558,559,605
559,606,605
421,465,464
421,464,420
467,424,468
424,467,423
602,556,603
556,602,555
602,554,555
602,601,554
651,602,603
650,602,651
602,650,649
601,602,649
746,699,747
699,746,698
746,697,698
746,745,697
746,796,795
796,746,747
794,746,795
745,746,794
792,793,841
793,842,841
793,794,843
842,793,843
847,797,798
797,847,846
797,846,845
796,797,845
749,797,748
797,749,798
748,797,747
797,796,747
654,606,607
655,654,607
654,653,605
606,654,605
703,654,655
654,703,702
653,654,701
701,654,702
262,223,224
262,261,223
262,301,261
301,262,302
189,154,155
154,189,188
188,189,224
189,225,224
189,190,226
225,189,226
433,389,434
389,390,434
436,479,435
436,480,479
268,229,230
229,268,267
268,230,231
269,268,231
389,348,390
348,389,347
306,346,305
346,306,347
343,303,344
303,343,302
229,266,228
266,229,267
266,227,228
227,266,265
266,306,305
265,266,305
343,342,302
342,301,302
63,40,41
64,63,41
37,38,60
38,61,60
17,38,37
38,17,18
19,38,18
39,38,19
1626,1664,1625
1664,1626,1665
1665,1627,1666
1626,1627,1665
1081,1033,1082
1033,1081,1032
1032,1081,1031
1081,1080,1031
1230,1180,1181
1180,1230,1229
1181,1180,1132
1180,1131,1132
1127,1128,1177
1176,1127,1177
1178,1226,1177
1226,1178,1227
1226,1225,1176
1226,1176,1177
1273,1226,1274
1225,1226,1273
1272,1319,1318
1272,1318,1271
1320,1272,1273
1319,1272,1320
1272,1223,1224
1223,1272,1271
1225,1272,1224
1272,1225,1273
1270,1318,1317
1318,1270,1271
1269,1270,1316
1270,1317,1316
1270,1223,1271
1270,1222,1223
1221,1270,1269
1270,1221,1222
1362,1314,1315
1314,1362,1361
1362,1315,1316
1363,1362,1316
1624,1582,1583
1582,1624,1623
1542,1541,1499
1541,1498,1499
1498,1541,1497
1541,1540,1497
1541,1542,1583
1582,1541,1583
1804,1772,1773
1772,1804,1803
1804,1774,1805
1774,1804,1773
1703,1739,1738
1739,1703,1704
1739,1771,1738
1739,1772,1771
1546,1588,1587
1588,1546,1547
1806,1834,1833
1805,1806,1833
1545,1501,1502
1544,1501,1545
1500,1501,1543
1501,1544,1543
1458,1412,1413
1457,1412,1458
1412,1367,1368
1413,1412,1368
1412,1366,1367
1366,1412,1411
1548,1588,1547
1588,1548,1589
1548,1590,1589
1590,1548,1549
1550,1590,1549
1590,1550,1591
1550,1507,1508
1551,1550,1508
1507,1550,1506
1550,1549,1506
1379,1331,1332
1331,1379,1378
1331,1285,1332
1331,1284,1285
1326,1280,1327
1280,1326,1279
1280,1281,1328
1327,1280,1328
1281,1280,1233
1280,1232,1233
1509,1552,1551
1509,1551,1508
1856,1829,1857
1828,1829,1856
1797,1829,1828
1829,1797,1798
1769,1733,1734
1768,1733,1769
1661,1620,1621
1661,1621,1662
1661,1699,1660
1699,1661,1700
1661,1619,1620
1619,1661,1660
1533,1488,1534
1534,1488,1489
1488,1443,1444
1488,1444,1489
1576,1533,1534
1576,1534,1577
1261,1308,1260
1261,1309,1308
1261,1262,1310
1309,1261,1310
1211,1261,1260
1261,1211,1212
1262,1261,1213
1261,1212,1213
1207,1257,1256
1257,1207,1208
1209,1257,1208
1258,1257,1209
1257,1304,1256
1304,1257,1305
1306,1257,1258
1257,1306,1305
1823,1791,1792
1791,1823,1822
1557,1597,1556
1597,1557,1598
1597,1555,1556
1555,1597,1596
1752,1716,1717
1716,1752,1751
1749,1713,1714
1713,1749,1748
1471,1517,1516
1472,1517,1471
1562,1603,1602
1561,1562,1602
1559,1560,1600
1560,1601,1600
1601,1560,1602
1560,1561,1602
1516,1560,1559
1517,1560,1516
1855,1854,1827
1854,1826,1827
1791,1821,1790
1821,1791,1822
1681,1718,1717
1681,1717,1680
1681,1682,1719
1718,1681,1719
1681,1641,1642
1641,1681,1680
1681,1642,1643
1682,1681,1643
1755,1720,1756
1720,1721,1756
1757,1722,1758
1758,1722,1723
1721,1722,1756
1722,1757,1756
1724,1759,1758
1724,1758,1723
1854,1825,1826
1825,1854,1853
1825,1794,1795
1826,1825,1795
1523,1566,1522
1566,1565,1522
1606,1648,1647
1648,1606,1607
1566,1606,1565
1606,1566,1607
1813,1782,1783
1813,1783,1814
1632,1590,1591
1590,1632,1631
1631,1632,1670
1632,1671,1670
1632,1633,1672
1671,1632,1672
1635,1593,1594
1593,1635,1634
1594,1593,1553
1593,1552,1553
492,539,538
539,492,493
205,204,168
169,205,168
205,169,170
206,205,170
75,104,103
75,103,74
208,246,245
207,208,245
544,499,545
498,499,544
324,323,282
324,282,283
207,244,206
244,207,245
244,205,206
205,244,243
285,244,245
244,285,284
244,284,283
243,244,283
281,242,282
242,281,241
282,242,283
242,243,283
242,203,204
242,241,203
205,242,204
242,205,243
280,321,320
279,280,320
280,281,322
321,280,322
280,239,240
239,280,279
280,240,241
281,280,241
319,278,279
319,279,320
278,319,277
319,318,277
158,127,159
127,158,126
192,158,193
158,159,193
156,189,155
189,156,190
123,156,155
156,123,124
123,94,95
124,123,95
94,67,95
95,67,68
67,94,93
66,67,93
65,66,93
92,65,93
89,119,118
90,119,89
91,119,90
119,91,120
91,65,92
65,91,64
91,63,64
63,91,90
153,188,187
153,154,188
72,99,71
71,99,98
100,99,73
99,72,73
194,160,195
195,160,161
160,194,193
159,160,193
96,124,95
124,96,125
69,96,68
96,95,68
671,670,622
671,622,623
576,531,577
531,576,530
575,576,622
622,576,623
766,719,767
719,766,718
670,719,718
671,719,670
719,768,767
768,719,720
865,816,866
866,816,817
815,816,864
816,865,864
768,816,767
816,768,817
816,766,767
766,816,815
520,567,566
521,567,520
274,235,236
235,274,273
237,274,236
274,237,275
487,443,444
488,487,444
576,529,530
529,576,575
529,575,574
528,529,574
482,529,528
529,482,483
439,482,438
482,439,483
527,482,528
482,527,481
527,526,480
481,527,480
527,574,573
527,528,574
272,235,273
235,272,234
272,271,233
234,272,233
270,269,231
232,270,231
271,270,233
270,232,233
195,196,231
196,232,231
164,163,131
164,131,132
508,462,509
462,463,509
416,459,415
459,416,460
419,464,463
464,419,420
462,419,463
419,462,418
289,329,288
289,330,329
289,290,331
330,289,331
250,291,290
291,250,251
370,414,413
370,413,369
414,370,415
370,371,415
370,327,328
370,369,327
329,370,328
371,370,329
1035,986,987
1036,1035,987
1039,1087,1038
1087,1039,1088
1087,1088,1137
1136,1087,1137
1183,1134,1184
1134,1135,1184
1372,1326,1373
1326,1372,1325
1371,1372,1416
1372,1417,1416
1187,1139,1188
1139,1187,1138
1138,1187,1137
1187,1186,1137
1185,1234,1233
1185,1233,1184
1135,1185,1184
1136,1185,1135
1185,1136,1137
1186,1185,1137
1275,1226,1227
1226,1275,1274
1228,1275,1227
1275,1228,1276
1228,1277,1276
1277,1228,1229
1231,1280,1279
1280,1231,1232
1231,1183,1232
1183,1231,1182
1231,1230,1181
1231,1181,1182
836,837,886
836,886,885
837,836,788
836,787,788
693,645,646
694,693,646
551,597,550
597,551,598
645,597,646
597,598,646
739,789,788
789,739,740
789,741,790
741,789,740
790,741,791
741,742,791
742,741,694
741,693,694
696,649,697
696,648,649
599,647,598
598,647,646
647,599,600
648,647,600
931,883,932
883,931,882
931,881,882
931,930,881
881,831,832
880,831,881
831,783,832
831,782,783
783,734,784
784,734,735
734,686,687
734,687,735
634,681,633
634,682,681
634,683,682
683,634,635
683,684,732
731,683,732
636,683,635
683,636,684
806,807,855
807,856,855
807,808,857
807,857,856
907,957,956
957,907,908
858,907,857
857,907,906
907,858,859
908,907,859
959,909,910
909,959,958
909,957,908
957,909,958
616,663,615
663,616,664
1139,1091,1140
1091,1139,1090
1091,1141,1140
1141,1091,1092
992,943,944
993,992,944
1093,1043,1044
1092,1043,1093
1001,1049,1000
1049,1001,1050
1098,1049,1099
1099,1049,1050
1147,1146,1097
1098,1147,1097
1051,1099,1050
1051,1100,1099
857,905,856
905,857,906
905,904,855
856,905,855
952,902,903
902,952,951
952,903,904
953,952,904
952,1001,1000
952,1000,951
1054,1102,1053
1102,1054,1103
1054,1004,1005
1004,1054,1053
1006,1054,1005
1054,1006,1055
1007,959,1008
959,1007,958
1007,1006,957
1007,957,958
1007,1008,1057
1056,1007,1057
1006,1007,1055
1055,1007,1056
1439,1395,1440
1395,1439,1394
1439,1393,1394
1393,1439,1438
1145,1095,1096
1095,1145,1144
1146,1145,1097
1145,1096,1097
1193,1143,1144
1143,1193,1192
1145,1193,1144
1193,1145,1194
1054,1104,1103
1104,1054,1055
940,891,892
940,892,941
891,940,890
890,940,939
940,990,989
990,940,941
988,940,989
940,988,939
750,751,800
799,750,800
750,799,798
749,750,798
750,703,751
703,750,702
750,749,701
750,701,702
846,896,895
847,896,846
896,847,848
897,896,848
896,944,895
896,945,944
896,897,946
945,896,946
899,851,900
899,850,851
899,900,949
948,899,949
898,899,947
899,948,947
799,849,848
849,799,800
801,849,800
850,849,801
897,849,898
849,897,848
899,849,850
849,899,898
563,517,564
517,518,564
516,517,562
517,563,562
472,517,471
517,472,518
517,516,470
517,470,471
428,472,471
428,471,427
473,520,519
520,473,474
518,473,519
472,473,518
473,429,430
474,473,430
428,473,472
473,428,429
522,521,475
476,522,475
477,522,476
523,522,477
522,567,521
567,522,568
479,524,478
525,524,479
524,477,478
524,523,477
661,709,708
661,708,660
613,661,612
612,661,660
758,806,757
758,807,806
710,663,711
663,710,662
661,710,709
710,661,662
709,710,757
710,758,757
707,659,708
708,659,660
612,659,611
659,612,660
659,610,611
610,659,658
657,706,705
706,657,658
706,659,707
659,706,658
705,706,753
706,754,753
706,707,755
754,706,755
608,560,561
560,608,607
608,561,562
609,608,562
655,608,656
608,655,607
608,657,656
608,609,657
1494,1449,1450
1494,1450,1495
1493,1494,1538
1494,1539,1538
1403,1357,1404
1357,1403,1356
1356,1403,1355
1403,1402,1355
1113,1063,1064
1112,1063,1113
1063,1112,1111
1062,1063,1111
1015,1063,1014
1063,1015,1064
1016,1066,1065
1066,1016,1017
1016,1065,1064
1015,1016,1064
1016,967,968
1016,968,1017
967,966,918
966,917,918
966,1016,1015
1016,966,967
1067,1019,1068
1067,1018,1019
1018,1067,1017
1067,1066,1017
1117,1067,1068
1067,1117,1116
1067,1116,1115
1066,1067,1115
1255,1254,1206
1254,1205,1206
1254,1204,1205
1204,1254,1253
1164,1163,1115
1163,1114,1115
1163,1113,1114
1163,1162,1113
1163,1164,1213
1212,1163,1213
1162,1163,1211
1211,1163,1212
1205,1157,1206
1157,1205,1156
1157,1207,1206
1157,1158,1207
1157,1107,1108
1107,1157,1156
1158,1157,1109
1109,1157,1108
765,717,718
766,765,718
717,765,716
765,764,716
765,815,814
765,766,815
813,765,814
764,765,813
1060,1059,1010
1060,1010,1011
1109,1060,1110
1060,1061,1110
1059,1060,1108
1060,1109,1108
961,962,1010
1010,962,1011
913,962,912
962,961,912
1469,1424,1470
1470,1424,1425
1424,1380,1425
1424,1379,1380
1288,1240,1289
1289,1240,1241
1239,1240,1287
1240,1288,1287
1240,1191,1192
1240,1192,1241
1240,1239,1190
1191,1240,1190
86,59,60
87,86,60
81,110,80
110,109,80
299,260,300
299,259,260
221,258,220
259,258,221
299,258,259
258,299,298
382,339,340
339,382,381
299,339,298
339,299,340
382,426,381
426,425,381
470,426,471
471,426,427
426,470,469
425,426,469
560,513,514
559,513,560
513,558,512
513,559,558
514,513,468
513,467,468
379,422,378
422,379,423
311,312,353
352,311,353
311,270,271
270,311,310
272,311,271
311,272,312
482,437,438
437,482,481
436,437,480
437,481,480
307,348,347
306,307,347
268,307,267
307,268,308
307,266,267
266,307,306
391,392,435
392,436,435
392,437,436
437,392,393
270,309,269
309,270,310
309,268,269
268,309,308
351,311,352
311,351,310
351,309,310
309,351,350
392,351,393
351,392,350
390,349,391
348,349,390
349,392,391
392,349,350
307,349,348
349,307,308
309,349,308
349,309,350
432,388,433
388,389,433
389,388,347
388,346,347
227,264,226
264,227,265
341,299,300
299,341,340
301,341,300
342,341,301
61,62,88
88,62,89
62,90,89
62,63,90
38,62,61
62,38,39
40,62,39
63,62,40
1585,1584,1543
1544,1585,1543
1586,1585,1545
1585,1544,1545
1584,1585,1625
1585,1626,1625
1585,1627,1626
1627,1585,1586
1075,1026,1027
1075,1027,1076
1030,1080,1079
1080,1030,1031
978,928,929
978,977,928
1026,978,1027
977,978,1026
729,680,681
729,728,680
680,727,679
728,727,680
727,728,777
776,727,777
825,776,777
825,777,826
1070,1021,1071
1021,1022,1071
1080,1130,1129
1081,1130,1080
1130,1081,1082
1131,1130,1082
1128,1078,1079
1127,1078,1128
1072,1022,1023
1022,1072,1071
1024,1072,1023
1072,1024,1073
1453,1408,1454
1408,1409,1454
1408,1363,1364
1408,1364,1409
1740,1774,1773
1774,1740,1741
1772,1740,1773
1739,1740,1772
1588,1628,1587
1628,1588,1629
1628,1586,1587
1628,1627,1586
1896,1876,1897
1876,1896,1875
1835,1836,1861
1861,1836,1862
1746,1712,1747
1712,1746,1711
1712,1713,1748
1747,1712,1748
1710,1673,1711
1711,1673,1674
1633,1673,1672
1673,1633,1634
1635,1673,1634
1673,1635,1674
1709,1673,1710
1673,1709,1672
1455,1500,1499
1455,1499,1454
1410,1455,1409
1409,1455,1454
1505,1547,1504
1505,1548,1547
1548,1505,1549
1549,1505,1506
1505,1504,1459
1460,1505,1459
1329,1330,1376
1376,1330,1377
1330,1331,1378
1330,1378,1377
1330,1329,1282
1330,1282,1283
1331,1330,1284
1284,1330,1283
1468,1469,1514
1468,1514,1513
1512,1468,1513
1468,1512,1467
1512,1511,1466
1467,1512,1466
1556,1512,1513
1555,1512,1556
1465,1420,1421
1465,1421,1466
677,629,630
678,677,630
1766,1767,1800
1766,1800,1799
1831,1830,1800
1800,1830,1799
1830,1829,1798
1830,1798,1799
1858,1830,1859
1830,1831,1859
1829,1830,1857
1830,1858,1857
1826,1796,1827
1796,1826,1795
1796,1828,1827
1796,1797,1828
1765,1766,1799
1798,1765,1799
1618,1576,1577
1576,1618,1617
1620,1578,1579
1619,1578,1620
1578,1618,1577
1618,1578,1619
1536,1578,1535
1578,1536,1579
1534,1578,1577
1578,1534,1535
1537,1493,1538
1537,1492,1493
1537,1581,1580
1581,1537,1538
1537,1580,1579
1536,1537,1579
1880,1881,1901
1881,1902,1901
1882,1881,1856
1881,1855,1856
1881,1854,1855
1854,1881,1880
1753,1752,1717
1718,1753,1717
1512,1554,1511
1554,1512,1555
1641,1679,1640
1679,1641,1680
1716,1679,1717
1717,1679,1680
1782,1750,1783
1749,1750,1782
1750,1716,1751
1716,1750,1715
1750,1749,1714
1715,1750,1714
1713,1676,1714
1676,1677,1714
1518,1517,1472
1518,1472,1473
1560,1518,1561
1518,1560,1517
1603,1563,1604
1562,1563,1603
1789,1757,1790
1757,1789,1756
1789,1755,1756
1755,1789,1788
1789,1820,1788
1788,1820,1819
1821,1820,1790
1820,1789,1790
1720,1683,1721
1721,1683,1684
1682,1683,1719
1683,1720,1719
1645,1683,1644
1683,1645,1684
1644,1683,1643
1683,1682,1643
1645,1685,1684
1646,1685,1645
1685,1722,1721
1685,1721,1684
1651,1690,1689
1650,1651,1689
1760,1725,1761
1725,1726,1761
1725,1760,1759
1724,1725,1759
1824,1825,1853
1852,1824,1853
1824,1792,1793
1824,1823,1792
1794,1824,1793
1825,1824,1794
1726,1688,1689
1725,1688,1726
1688,1725,1724
1688,1724,1687
1525,1567,1524
1567,1525,1568
1567,1566,1523
1567,1523,1524
1609,1567,1568
1608,1567,1609
1566,1567,1607
1567,1608,1607
1439,1483,1438
1483,1439,1484
1563,1605,1604
1605,1563,1564
1606,1605,1565
1565,1605,1564
1605,1645,1604
1605,1646,1645
1605,1606,1647
1646,1605,1647
1866,1888,1887
1867,1888,1866
1868,1888,1867
1888,1868,1889
1889,1868,1890
1868,1869,1890
1780,1746,1747
1746,1780,1779
1780,1810,1779
1810,1780,1811
1839,1811,1812
1839,1812,1840
1839,1810,1811
1810,1839,1838
1839,1866,1865
1866,1839,1840
1864,1839,1865
1838,1839,1864
1550,1592,1591
1592,1550,1551
1552,1592,1551
1593,1592,1552
1592,1632,1591
1632,1592,1633
1592,1593,1634
1633,1592,1634
541,540,495
540,494,495
494,540,493
540,539,493
453,408,409
408,453,452
453,498,452
453,499,498
449,494,448
494,449,495
447,404,448
404,447,403
404,449,448
449,404,405
360,404,359
359,404,403
76,50,77
50,76,49
76,106,105
106,76,77
104,76,105
75,76,104
172,137,138
137,172,171
172,207,171
172,208,207
593,640,592
640,593,641
593,592,545
546,593,545
453,500,499
500,453,454
547,500,501
546,500,547
499,500,545
500,546,545
502,455,456
455,502,501
455,500,454
500,455,501
457,412,413
412,457,456
455,412,456
412,455,411
412,368,369
413,412,369
412,367,368
412,411,367
411,410,367
367,410,366
410,453,409
453,410,454
410,455,454
455,410,411
325,285,326
285,325,284
325,324,283
284,325,283
368,325,326
367,325,368
325,367,366
324,325,366
157,192,191
157,158,192
190,157,191
156,157,190
158,157,126
126,157,125
157,156,124
157,124,125
123,122,94
94,122,93
154,122,155
122,123,155
45,44,25
25,44,24
44,45,68
67,44,68
22,42,21
21,42,41
42,64,41
42,65,64
151,185,184
150,151,184
119,151,118
151,150,118
129,128,100
128,99,100
99,128,98
128,127,98
160,128,161
128,129,161
127,128,159
128,160,159
97,127,126
127,97,98
96,97,125
97,126,125
97,70,71
97,71,98
97,69,70
97,96,69
762,763,812
762,812,811
715,764,763
764,715,716
762,715,763
715,762,714
715,668,716
715,667,668
769,818,817
768,769,817
614,567,568
615,614,568
614,613,566
567,614,566
663,614,615
614,663,662
614,661,613
661,614,662
235,199,236
236,199,200
199,235,234
198,199,234
199,164,165
164,199,198
489,488,444
445,489,444
400,401,444
401,445,444
489,536,535
536,489,490
536,581,535
581,536,582
581,627,580
627,581,628
581,582,629
581,629,628
581,534,535
534,581,580
534,487,488
487,534,533
489,534,488
534,489,535
769,819,818
819,769,770
771,819,770
820,819,771
869,919,918
919,869,870
821,822,871
870,821,871
869,821,870
821,869,820
722,674,723
674,675,723
674,626,675
626,627,675
625,626,673
626,674,673
576,624,623
624,576,577
162,195,161
162,196,195
162,129,130
129,162,161
163,162,131
131,162,130
197,234,233
197,198,234
232,197,233
196,197,232
164,197,163
197,164,198
162,197,196
197,162,163
506,461,507
461,506,460
507,461,508
461,462,508
287,248,288
248,287,247
373,332,374
332,373,331
290,332,331
291,332,290
1131,1083,1132
1083,1131,1082
1134,1086,1135
1086,1134,1085
1086,1087,1136
1086,1136,1135
1037,1086,1036
1036,1086,1085
1086,1037,1038
1087,1086,1038
1420,1375,1421
1421,1375,1376
1329,1375,1328
1375,1329,1376
1375,1374,1327
1375,1327,1328
1372,1418,1417
1418,1372,1373
1285,1236,1237
1284,1236,1285
1236,1188,1237
1236,1187,1188
1322,1369,1368
1321,1322,1368
1322,1321,1274
1275,1322,1274
1326,1278,1279
1278,1326,1325
1278,1231,1279
1231,1278,1230
1230,1278,1229
1278,1277,1229
1372,1324,1325
1324,1372,1371
1324,1278,1325
1278,1324,1277
785,835,834
786,835,785
836,835,787
835,786,787
835,883,834
883,835,884
884,835,885
835,836,885
739,692,740
692,739,691
692,741,740
741,692,693
643,692,691
692,643,644
693,692,645
645,692,644
738,786,737
786,738,787
787,738,788
738,739,788
695,694,646
647,695,646
696,695,648
695,647,648
930,979,929
979,978,929
978,979,1027
979,1028,1027
640,688,639
688,687,639
689,688,641
688,640,641
688,736,735
687,688,735
736,688,737
688,689,737
782,733,783
733,734,783
586,585,538
539,586,538
585,586,633
586,634,633
588,541,542
589,588,542
588,589,637
636,588,637
729,778,728
728,778,777
924,876,925
876,924,875
830,880,879
830,831,880
860,908,859
860,909,908
860,861,910
909,860,910
810,860,859
860,810,811
861,860,812
812,860,811
1041,1089,1040
1089,1041,1090
991,1039,990
1039,991,1040
991,1041,1040
1041,991,992
1044,995,1045
995,996,1045
995,946,947
996,995,947
1047,1048,1096
1096,1048,1097
1048,1049,1098
1048,1098,1097
948,997,947
997,996,947
997,948,949
998,997,949
997,1046,1045
996,997,1045
997,1047,1046
997,998,1047
955,907,956
907,955,906
955,956,1005
1004,955,1005
1002,952,953
952,1002,1001
1001,1002,1050
1002,1051,1050
1525,1526,1568
1526,1569,1568
1246,1245,1197
1245,1196,1197
1245,1195,1196
1195,1245,1244
1147,1195,1146
1195,1147,1196
1195,1145,1146
1145,1195,1194
1195,1243,1194
1243,1195,1244
1105,1055,1056
1105,1104,1055
619,620,668
667,619,668
570,618,617
570,571,618
570,524,525
571,570,525
808,759,809
759,760,809
807,759,808
758,759,807
759,710,711
710,759,758
1494,1448,1449
1448,1494,1493
1449,1448,1404
1448,1403,1404
1012,1060,1011
1060,1012,1061
916,965,915
965,964,915
966,965,917
917,965,916
965,1015,1014
965,966,1015
1347,1395,1394
1347,1348,1395
88,116,87
117,116,88
82,54,55
54,82,81
175,210,174
210,175,211
175,212,211
212,175,176
422,377,378
377,422,421
377,421,420
376,377,420
380,339,381
339,380,338
424,380,425
425,380,381
380,424,423
379,380,423
377,336,378
336,377,335
421,466,465
422,466,421
467,466,423
466,422,423
466,512,511
465,466,511
466,513,512
513,466,467
386,387,430
387,431,430
387,432,431
387,388,432
387,386,344
345,387,344
388,387,346
346,387,345
304,265,305
304,264,265
346,304,305
304,346,345
303,304,344
304,345,344
263,262,224
225,263,224
263,225,226
264,263,226
262,263,302
263,303,302
304,263,264
263,304,303
383,426,382
426,383,427
383,382,340
341,383,340
1124,1075,1076
1125,1124,1076
1074,1024,1025
1024,1074,1073
1075,1074,1026
1026,1074,1025
1124,1074,1075
1074,1124,1123
933,981,932
981,933,982
981,982,1031
1030,981,1031
973,1021,972
1021,973,1022
973,972,923
924,973,923
924,874,875
874,924,923
874,825,826
875,874,826
928,878,879
927,878,928
1179,1178,1129
1130,1179,1129
1180,1179,1131
1179,1130,1131
1178,1179,1227
1179,1228,1227
1179,1180,1229
1228,1179,1229
1029,1030,1079
1078,1029,1079
1175,1126,1176
1126,1127,1176
1124,1172,1123
1172,1124,1173
1221,1172,1222
1172,1173,1222
1174,1175,1224
1223,1174,1224
1222,1174,1223
1173,1174,1222
1174,1126,1175
1126,1174,1125
1174,1124,1125
1124,1174,1173
976,977,1026
976,1026,1025
977,976,928
976,927,928
1451,1407,1452
1407,1451,1406
1407,1453,1452
1407,1408,1453
1362,1407,1361
1407,1406,1361
1407,1362,1363
1408,1407,1363
1774,1775,1805
1775,1806,1805
1775,1774,1741
1742,1775,1741
1630,1631,1670
1669,1630,1670
1630,1669,1668
1630,1668,1629
1590,1630,1589
1630,1590,1631
1630,1588,1589
1588,1630,1629
1706,1742,1741
1742,1706,1707
1706,1669,1670
1707,1706,1670
1627,1667,1666
1628,1667,1627
1667,1628,1629
1668,1667,1629
1667,1703,1666
1703,1667,1704
1850,1821,1822
1821,1850,1849
1850,1876,1875
1849,1850,1875
1913,1896,1897
1913,1897,1914
1810,1778,1779
1778,1810,1809
1808,1778,1809
1778,1808,1777
1863,1837,1864
1837,1838,1864
1836,1837,1862
1837,1863,1862
1837,1810,1838
1810,1837,1809
1837,1808,1809
1808,1837,1836
1671,1708,1670
1708,1707,1670
1708,1671,1672
1709,1708,1672
1708,1742,1707
1742,1708,1743
1708,1744,1743
1744,1708,1709
1456,1412,1457
1412,1456,1411
1456,1410,1411
1456,1455,1410
1456,1457,1502
1501,1456,1502
1456,1501,1500
1455,1456,1500
1461,1460,1415
1416,1461,1415
1417,1461,1416
1462,1461,1417
1505,1461,1506
1461,1505,1460
1461,1507,1506
1461,1462,1507
1379,1423,1378
1424,1423,1379
1423,1424,1469
1468,1423,1469
1511,1510,1466
1510,1465,1466
1554,1510,1511
1510,1554,1553
1509,1510,1552
1552,1510,1553
725,677,678
725,678,726
773,725,774
774,725,726
676,627,628
627,676,675
677,676,629
629,676,628
675,676,723
676,724,723
725,676,677
676,725,724
1728,1763,1727
1727,1763,1762
1763,1795,1762
1763,1796,1795
1696,1697,1734
1733,1696,1734
1659,1619,1660
1659,1618,1619
1618,1659,1617
1659,1658,1617
1659,1699,1698
1699,1659,1660
1697,1659,1698
1658,1659,1697
1491,1537,1536
1537,1491,1492
1530,1574,1573
1574,1530,1531
1485,1439,1440
1439,1485,1484
1485,1440,1441
1486,1485,1441
1530,1485,1531
1485,1486,1531
1487,1488,1533
1532,1487,1533
1486,1487,1531
1487,1532,1531
1443,1487,1442
1488,1487,1443
1487,1486,1441
1442,1487,1441
1396,1350,1397
1396,1349,1350
1396,1348,1349
1348,1396,1395
1442,1396,1397
1396,1442,1441
1395,1396,1440
1440,1396,1441
1347,1301,1348
1301,1347,1300
1754,1720,1755
1720,1754,1719
1754,1718,1719
1754,1753,1718
1754,1755,1788
1787,1754,1788
1753,1754,1786
1754,1787,1786
1843,1815,1816
1843,1816,1844
1750,1784,1783
1784,1750,1751
1783,1784,1814
1784,1815,1814
1595,1555,1596
1595,1554,1555
1595,1594,1553
1554,1595,1553
1595,1635,1594
1635,1595,1636
1678,1715,1714
1677,1678,1714
1678,1679,1716
1678,1716,1715
1678,1639,1640
1679,1678,1640
1639,1638,1598
1638,1597,1598
1638,1678,1677
1678,1638,1639
1635,1675,1674
1675,1635,1636
1675,1712,1711
1675,1711,1674
1712,1675,1713
1675,1676,1713
1818,1788,1819
1818,1787,1788
1787,1818,1786
1818,1817,1786
1847,1818,1819
1818,1847,1846
1848,1849,1875
1874,1848,1875
1847,1848,1873
1848,1874,1873
1848,1820,1821
1848,1821,1849
1820,1848,1819
1848,1847,1819
1874,1895,1873
1873,1895,1894
1896,1895,1875
1895,1874,1875
1895,1913,1912
1913,1895,1896
1686,1724,1723
1724,1686,1687
1722,1686,1723
1685,1686,1722
1648,1686,1647
1686,1648,1687
1686,1685,1646
1686,1646,1647
1690,1652,1691
1651,1652,1690
1334,1382,1381
1335,1382,1334
1288,1336,1335
1336,1288,1289
1336,1382,1335
1382,1336,1383
1649,1650,1689
1688,1649,1689
1649,1688,1687
1648,1649,1687
1649,1608,1609
1650,1649,1609
1649,1648,1607
1608,1649,1607
1610,1651,1650
1610,1650,1609
1610,1609,1568
1569,1610,1568
1905,1904,1887
1888,1905,1887
1816,1845,1844
1817,1845,1816
1818,1845,1817
1845,1818,1846
1893,1910,1909
1892,1893,1909
1841,1867,1866
1841,1866,1840
1812,1841,1840
1813,1841,1812
1749,1781,1748
1781,1749,1782
1781,1747,1748
1781,1780,1747
1813,1781,1782
1781,1813,1812
1780,1781,1811
1811,1781,1812
364,321,322
364,363,321
451,407,452
407,408,452
364,407,363
407,364,408
321,362,320
363,362,321
407,362,363
362,407,406
450,407,451
407,450,406
450,449,405
406,450,405
496,450,497
450,451,497
450,496,495
449,450,495
246,209,247
208,209,246
209,248,247
248,209,210
596,597,645
596,645,644
643,596,644
595,596,643
596,549,550
597,596,550
549,596,548
596,595,548
153,121,154
121,122,154
91,121,120
121,91,92
121,92,93
122,121,93
43,67,66
43,44,67
65,43,66
42,43,65
44,43,24
43,23,24
43,42,22
23,43,22
152,121,153
121,152,120
152,119,120
152,151,119
152,187,186
152,153,187
185,152,186
151,152,185
712,663,664
663,712,711
759,712,760
712,759,711
616,665,664
665,616,617
665,712,664
712,665,713
712,761,760
761,712,713
762,761,714
761,713,714
761,810,809
760,761,809
761,762,811
810,761,811
721,768,720
721,769,768
721,722,770
769,721,770
721,674,722
674,721,673
313,272,273
272,313,312
274,313,273
314,313,274
315,275,276
316,315,276
315,274,275
315,314,274
486,487,533
532,486,533
531,486,532
485,486,531
440,395,396
395,440,439
818,868,867
819,868,818
868,819,820
869,868,820
868,916,867
868,917,916
917,868,918
868,869,918
772,773,822
821,772,822
772,820,771
772,821,820
772,725,773
725,772,724
772,771,723
724,772,723
579,534,580
534,579,533
627,579,580
626,579,627
672,671,623
624,672,623
672,625,673
672,624,625
719,672,720
672,719,671
672,721,720
721,672,673
437,394,438
394,437,393
394,439,438
394,395,439
394,351,352
351,394,393
394,352,353
395,394,353
462,417,418
461,417,462
416,417,460
417,461,460
417,373,374
418,417,374
330,372,329
372,371,329
372,330,331
373,372,331
372,416,415
371,372,415
372,417,416
417,372,373
289,249,290
249,250,290
249,289,288
248,249,288
212,249,211
249,212,250
249,210,211
249,248,210
375,419,418
375,418,374
419,375,420
375,376,420
1033,1034,1082
1034,1083,1082
985,1034,984
1034,1033,984
1034,985,986
1035,1034,986
1084,1035,1036
1084,1036,1085
1034,1084,1083
1084,1034,1035
1375,1419,1374
1419,1375,1420
1374,1419,1373
1419,1418,1373
1234,1235,1282
1282,1235,1283
1235,1284,1283
1235,1236,1284
1185,1235,1234
1235,1185,1186
1187,1235,1186
1236,1235,1187
1323,1275,1276
1323,1322,1275
1277,1323,1276
1324,1323,1277
1369,1323,1370
1322,1323,1369
1323,1371,1370
1323,1324,1371
739,690,691
738,690,739
690,738,737
689,690,737
690,643,691
690,642,643
690,689,641
642,690,641
744,745,794
793,744,794
745,744,697
744,696,697
593,594,641
594,642,641
594,595,643
642,594,643
594,593,546
594,546,547
594,547,548
595,594,548
684,685,732
685,733,732
734,685,686
733,685,734
636,685,684
685,636,637
638,685,637
686,685,638
540,587,539
587,586,539
587,540,541
588,587,541
634,587,635
586,587,634
587,636,635
587,588,636
827,876,875
827,875,826
777,827,826
778,827,777
827,779,828
779,827,778
1091,1042,1092
1042,1043,1092
1042,1091,1090
1041,1042,1090
1042,992,993
1042,1041,992
942,990,941
942,991,990
992,942,943
991,942,992
942,892,893
892,942,941
894,942,893
943,942,894
1042,994,1043
994,1042,993
1043,994,1044
994,995,1044
994,993,944
945,994,944
994,945,946
995,994,946
1049,999,1000
1048,999,1049
999,1048,1047
998,999,1047
999,950,951
1000,999,951
950,999,949
999,998,949
1003,1004,1053
1003,1053,1052
1002,1003,1051
1051,1003,1052
1198,1246,1197
1198,1247,1246
1247,1198,1248
1198,1199,1248
1051,1101,1100
1101,1051,1052
1102,1101,1053
1053,1101,1052
1196,1148,1197
1147,1148,1196
1148,1198,1197
1198,1148,1149
1148,1098,1099
1148,1147,1098
1100,1148,1099
1149,1148,1100
1251,1201,1202
1201,1251,1250
1192,1242,1241
1193,1242,1192
1242,1193,1194
1243,1242,1194
1478,1477,1432
1433,1478,1432
1523,1478,1524
1524,1478,1479
1478,1523,1522
1477,1478,1522
1389,1341,1342
1341,1389,1388
1247,1295,1246
1246,1295,1294
1341,1295,1342
1295,1341,1294
1199,1249,1248
1200,1249,1199
1249,1201,1250
1201,1249,1200
1251,1298,1250
1298,1251,1299
1298,1249,1250
1249,1298,1297
1344,1298,1345
1298,1344,1297
1058,1106,1057
1107,1106,1058
1106,1056,1057
1106,1105,1056
1154,1202,1153
1202,1154,1203
1105,1154,1104
1104,1154,1153
620,572,573
619,572,620
571,572,618
572,619,618
527,572,526
572,527,573
526,572,525
572,571,525
569,522,523
522,569,568
524,569,523
570,569,524
569,616,615
569,615,568
569,570,617
616,569,617
1403,1447,1402
1448,1447,1403
1491,1447,1492
1447,1491,1446
1492,1447,1493
1447,1448,1493
962,963,1011
963,1012,1011
963,914,915
964,963,915
914,963,913
963,962,913
1063,1013,1014
1013,1063,1062
1061,1013,1062
1012,1013,1061
965,1013,964
1013,965,1014
963,1013,1012
1013,963,964
1252,1204,1253
1204,1252,1203
1252,1251,1202
1252,1202,1203
1252,1301,1300
1301,1252,1253
1251,1252,1299
1299,1252,1300
1393,1346,1394
1346,1347,1394
1346,1298,1299
1298,1346,1345
1347,1346,1300
1346,1299,1300
115,86,87
116,115,87
149,117,118
150,149,118
33,56,32
32,56,55
34,56,33
57,56,34
56,82,55
82,56,83
58,36,59
36,58,35
58,34,35
58,57,34
141,108,109
108,141,140
110,141,109
142,141,110
141,175,174
141,174,140
175,141,176
141,142,176
252,213,214
213,252,251
250,213,251
212,213,250
183,184,220
219,183,220
183,150,184
183,149,150
146,113,114
113,146,145
293,253,254
294,293,254
384,343,385
384,342,343
384,341,342
384,383,341
429,384,385
428,384,429
384,428,427
383,384,427
1022,974,1023
973,974,1022
974,924,925
974,973,924
829,830,879
878,829,879
876,877,925
877,926,925
877,878,927
877,927,926
827,877,876
877,827,828
877,829,878
829,877,828
979,980,1028
980,1029,1028
980,981,1030
1029,980,1030
931,980,930
980,979,930
980,931,932
981,980,932
1077,1125,1076
1077,1126,1125
1077,1078,1127
1126,1077,1127
1027,1077,1076
1028,1077,1027
1077,1029,1078
1029,1077,1028
1220,1269,1268
1220,1221,1269
1220,1172,1221
1220,1171,1172
1120,1070,1071
1120,1119,1070
1072,1120,1071
1121,1120,1072
1074,1122,1073
1122,1074,1123
1122,1072,1073
1122,1121,1072
1172,1122,1123
1171,1122,1172
1705,1667,1668
1667,1705,1704
1669,1705,1668
1706,1705,1669
1705,1739,1704
1705,1740,1739
1740,1705,1741
1705,1706,1741
1851,1824,1852
1824,1851,1823
1823,1851,1822
1851,1850,1822
1850,1851,1876
1851,1877,1876
1876,1898,1897
1877,1898,1876
1914,1898,1915
1897,1898,1914
1898,1916,1915
1898,1899,1916
1878,1851,1852
1851,1878,1877
1878,1898,1877
1898,1878,1899
1895,1911,1894
1911,1895,1912
1893,1911,1910
1911,1893,1894
1744,1776,1743
1776,1744,1777
1776,1775,1742
1776,1742,1743
1746,1745,1711
1745,1710,1711
1745,1709,1710
1745,1744,1709
1745,1746,1779
1778,1745,1779
1745,1778,1777
1744,1745,1777
1422,1376,1377
1422,1421,1376
1378,1422,1377
1423,1422,1378
1422,1467,1466
1421,1422,1466
1422,1468,1467
1422,1423,1468
1729,1728,1691
1692,1729,1691
1693,1729,1692
1729,1693,1730
1765,1731,1766
1731,1765,1730
1693,1731,1730
1731,1693,1694
1693,1655,1694
1655,1693,1654
1694,1655,1695
1655,1656,1695
1658,1657,1617
1617,1657,1616
1696,1657,1697
1657,1658,1697
1656,1657,1695
1657,1696,1695
1352,1400,1399
1400,1352,1353
1400,1444,1399
1400,1445,1444
1444,1490,1489
1445,1490,1444
1491,1490,1446
1490,1445,1446
1534,1490,1535
1490,1534,1489
1490,1536,1535
1490,1491,1536
1485,1529,1484
1529,1485,1530
1571,1572,1612
1572,1613,1612
1572,1530,1573
1572,1529,1530
1575,1576,1617
1575,1617,1616
1576,1575,1533
1575,1532,1533
1575,1574,1531
1532,1575,1531
1302,1255,1303
1302,1254,1255
1254,1302,1253
1302,1301,1253
1350,1302,1303
1349,1302,1350
1348,1302,1349
1301,1302,1348
1753,1785,1752
1785,1753,1786
1752,1785,1751
1785,1784,1751
1817,1785,1786
1785,1817,1816
1815,1785,1816
1784,1785,1815
1637,1595,1596
1595,1637,1636
1597,1637,1596
1638,1637,1597
1637,1675,1636
1675,1637,1676
1676,1637,1677
1637,1638,1677
1565,1521,1522
1521,1565,1564
1563,1521,1564
1520,1521,1563
1521,1477,1522
1477,1521,1476
1613,1653,1612
1653,1613,1654
1653,1693,1692
1693,1653,1654
1652,1653,1691
1653,1692,1691
1427,1471,1426
1427,1472,1471
1427,1426,1381
1382,1427,1381
1384,1430,1429
1430,1384,1385
1526,1570,1569
1570,1526,1527
1906,1889,1890
1907,1906,1890
1906,1888,1889
1906,1905,1888
1908,1891,1892
1908,1892,1909
1908,1907,1890
1891,1908,1890
1870,1843,1844
1843,1870,1869
1869,1870,1890
1870,1891,1890
1847,1872,1846
1872,1847,1873
1872,1873,1894
1893,1872,1894
1868,1842,1869
1842,1843,1869
1842,1868,1867
1841,1842,1867
1843,1842,1815
1815,1842,1814
1842,1813,1814
1842,1841,1813
324,365,323
365,324,366
323,365,322
365,364,322
410,365,366
365,410,409
408,365,409
364,365,408
404,361,405
361,404,360
361,362,406
361,406,405
318,361,360
319,361,318
361,319,320
362,361,320
210,173,174
209,173,210
172,173,208
173,209,208
173,139,140
174,173,140
139,173,138
173,172,138
666,715,714
715,666,667
665,666,713
713,666,714
666,619,667
619,666,618
618,666,617
666,665,617
395,354,396
354,395,353
312,354,353
313,354,312
399,356,357
398,356,399
356,315,316
356,316,357
443,442,399
442,398,399
487,442,443
486,442,487
439,484,483
440,484,439
529,484,530
484,529,483
484,531,530
484,485,531
531,578,577
578,531,532
578,532,533
579,578,533
578,624,577
624,578,625
578,626,625
578,579,626
1083,1133,1132
1084,1133,1083
1134,1133,1085
1133,1084,1085
1133,1181,1132
1181,1133,1182
1133,1134,1183
1133,1183,1182
1510,1464,1465
1464,1510,1509
1465,1464,1420
1464,1419,1420
791,743,792
742,743,791
743,793,792
743,744,793
743,742,694
695,743,694
743,695,696
744,743,696
730,778,729
730,779,778
730,683,731
683,730,682
682,730,681
730,729,681
954,1002,953
954,1003,1002
954,955,1004
1003,954,1004
905,954,904
954,953,904
954,905,906
955,954,906
1198,1150,1199
1150,1198,1149
1101,1150,1100
1150,1149,1100
1104,1152,1103
1152,1104,1153
1201,1152,1202
1202,1152,1153
1392,1346,1393
1346,1392,1345
1392,1344,1345
1344,1392,1391
1392,1393,1438
1437,1392,1438
1392,1437,1436
1391,1392,1436
1480,1525,1524
1480,1524,1479
1480,1526,1525
1480,1481,1526
1480,1435,1436
1481,1480,1436
1526,1482,1527
1481,1482,1526
1483,1482,1438
1482,1437,1438
1437,1482,1436
1482,1481,1436
1341,1293,1294
1293,1341,1340
1292,1293,1339
1293,1340,1339
1293,1245,1246
1293,1246,1294
1245,1293,1244
1293,1292,1244
1290,1289,1241
1242,1290,1241
1389,1434,1388
1434,1433,1388
1434,1480,1479
1480,1434,1435
1434,1478,1433
1478,1434,1479
1390,1344,1391
1344,1390,1343
1390,1389,1342
1390,1342,1343
1390,1391,1436
1435,1390,1436
1390,1434,1389
1434,1390,1435
1387,1341,1388
1341,1387,1340
1340,1387,1339
1387,1386,1339
1387,1433,1432
1433,1387,1388
1387,1431,1386
1431,1387,1432
1431,1430,1385
1386,1431,1385
1477,1431,1432
1431,1477,1476
1344,1296,1297
1296,1344,1343
1295,1296,1342
1342,1296,1343
1249,1296,1248
1296,1249,1297
1296,1247,1248
1296,1295,1247
1204,1155,1205
1205,1155,1156
1154,1155,1203
1155,1204,1203
1155,1107,1156
1155,1106,1107
1106,1155,1105
1155,1154,1105
147,146,114
115,147,114
144,113,145
144,112,113
111,142,110
142,111,143
144,111,112
111,144,143
111,110,81
82,111,81
111,82,83
112,111,83
115,85,86
85,115,114
86,85,59
85,58,59
177,212,176
177,213,212
213,177,214
177,178,214
142,177,176
177,142,143
144,177,143
177,144,178
144,179,178
179,144,145
218,183,219
183,218,182
218,181,182
218,217,181
292,291,251
252,292,251
293,292,253
253,292,252
334,377,376
377,334,335
334,293,294
334,294,335
1024,975,1025
975,976,1025
975,1024,1023
974,975,1023
976,975,927
927,975,926
975,974,925
926,975,925
730,780,779
780,730,731
779,780,828
780,829,828
1266,1219,1267
1218,1219,1266
1219,1268,1267
1219,1220,1268
1217,1169,1218
1168,1169,1217
1119,1169,1168
1120,1169,1119
1879,1880,1901
1900,1879,1901
1878,1879,1899
1879,1900,1899
1854,1879,1853
1879,1854,1880
1879,1852,1853
1879,1878,1852
1775,1807,1806
1776,1807,1775
1808,1807,1777
1807,1776,1777
1834,1807,1835
1806,1807,1834
1807,1836,1835
1807,1808,1836
1764,1729,1730
1765,1764,1730
1764,1763,1728
1729,1764,1728
1797,1764,1798
1764,1765,1798
1796,1764,1797
1763,1764,1796
1732,1768,1767
1732,1733,1768
1766,1732,1767
1731,1732,1766
1732,1696,1733
1696,1732,1695
1732,1731,1694
1732,1694,1695
1572,1614,1613
1614,1572,1573
1614,1655,1654
1613,1614,1654
1401,1354,1355
1402,1401,1355
1354,1401,1353
1401,1400,1353
1447,1401,1402
1401,1447,1446
1400,1401,1445
1445,1401,1446
1482,1528,1527
1528,1482,1483
1528,1483,1484
1529,1528,1484
1528,1570,1527
1570,1528,1571
1528,1572,1571
1572,1528,1529
1519,1518,1473
1474,1519,1473
1519,1562,1561
1518,1519,1561
1519,1563,1562
1519,1520,1563
1475,1521,1520
1521,1475,1476
1475,1519,1474
1519,1475,1520
1431,1475,1430
1475,1431,1476
1430,1475,1429
1475,1474,1429
1428,1474,1473
1474,1428,1429
1472,1428,1473
1427,1428,1472
1428,1384,1429
1384,1428,1383
1428,1382,1383
1428,1427,1382
1611,1571,1612
1611,1570,1571
1611,1610,1569
1570,1611,1569
1653,1611,1612
1611,1653,1652
1611,1652,1651
1610,1611,1651
1845,1871,1844
1871,1870,1844
1871,1845,1846
1872,1871,1846
1891,1871,1892
1870,1871,1891
1871,1893,1892
1871,1872,1893
355,313,314
355,354,313
315,355,314
356,355,315
354,355,396
396,355,397
355,356,398
355,398,397
441,440,396
441,396,397
442,441,398
398,441,397
441,484,440
484,441,485
441,486,485
441,442,486
1507,1463,1508
1462,1463,1507
1463,1509,1508
1463,1464,1509
1418,1463,1417
1463,1462,1417
1419,1463,1418
1464,1463,1419
1151,1200,1199
1150,1151,1199
1151,1201,1200
1151,1152,1201
1151,1101,1102
1151,1150,1101
1151,1102,1103
1152,1151,1103
1386,1338,1339
1338,1386,1385
148,116,117
149,148,117
148,115,116
148,147,115
183,148,149
148,183,182
181,148,182
147,148,181
112,84,113
84,112,83
113,84,114
84,85,114
84,56,57
56,84,83
58,84,57
85,84,58
147,180,146
180,147,181
146,180,145
180,179,145
295,336,335
294,295,335
333,332,291
292,333,291
333,292,293
334,333,293
332,333,374
333,375,374
375,333,376
333,334,376
781,733,782
733,781,732
781,731,732
781,780,731
831,781,782
830,781,831
829,781,830
780,781,829
1122,1170,1121
1170,1122,1171
1170,1120,1121
1170,1169,1120
1220,1170,1171
1219,1170,1220
1170,1219,1218
1169,1170,1218
1657,1615,1616
1615,1657,1656
1655,1615,1656
1614,1615,1655
1615,1575,1616
1575,1615,1574
1574,1615,1573
1615,1614,1573
1291,1292,1339
1338,1291,1339
1291,1243,1244
1292,1291,1244
1291,1242,1243
1291,1290,1242
1336,1337,1383
1337,1384,1383
1384,1337,1385
1337,1338,1385
1337,1336,1289
1290,1337,1289
1337,1291,1338
1291,1337,1290
217,216,181
216,180,181
337,380,379
380,337,338
337,379,378
336,337,378
215,252,214
215,253,252
253,215,254
215,216,254
178,215,214
179,215,178
180,215,179
216,215,180
255,216,217
216,255,254
218,255,217
256,255,218
255,294,254
255,295,294
258,257,220
257,219,220
257,218,219
257,256,218
339,297,298
297,339,338
297,258,298
297,257,258
295,296,336
296,337,336
337,296,338
296,297,338
296,255,256
255,296,295
257,296,256
297,296,257
