7,24,23
562,469,652
1680,1654,1702
342,383,302
263,303,302
9,26,46
8,9,0
11,8,0
12,11,0
1495,1531,1655
1531,1565,1655
1531,1532,1565
1653,1680,1652
1653,1654,1680
1654,1625,1626
383,519,606
519,563,606
342,384,383
190,263,302
47,74,73
46,47,72
47,73,72
10,8,11
8,10,9
1726,1717,1727
1723,1724,1727
1719,1720,1727
1724,1712,1727
1494,1453,1530
1453,1408,1361
1408,1360,1361
1261,1164,1094
1595,1596,1626
1564,1596,1563
563,609,606
428,519,383
519,428,474
1108,1165,702
1165,1208,1262
821,880,702
764,821,702
562,515,469
605,562,652
651,605,652
156,189,188
69,45,70
69,68,45
27,26,9
22,7,23
14,1,2
15,14,2
1496,1531,1495
470,448,449
448,470,494
809,843,842
731,757,756
1700,1701,1717
1717,1701,1702
1722,1723,1727
1725,1726,1727
1273,1370,1262
1494,1452,1453
1564,1529,1530
1261,1207,1164
909,876,910
876,909,850
1150,1093,1094
1164,1150,1094
1207,1150,1164
159,128,160
128,159,127
157,191,190
261,264,263
261,225,264
225,261,190
190,261,263
994,1051,702
1051,1108,702
935,994,702
880,935,702
709,764,702
658,709,702
561,515,562
605,561,562
224,223,189
28,27,9
99,127,72
99,128,127
21,20,7
22,21,7
14,13,1
448,424,449
424,448,403
404,424,403
730,731,756
867,841,842
841,867,900
841,808,842
808,809,842
757,786,756
902,869,903
843,868,842
868,867,842
869,868,843
868,869,902
955,956,989
962,934,907
874,875,907
908,875,849
875,908,907
905,872,873
872,846,873
933,961,960
934,961,933
961,934,962
1184,1162,1185
1726,1716,1717
1715,1716,1726
1721,1720,1707
1720,1721,1727
1721,1722,1727
1711,1724,1710
1711,1712,1724
1455,1469,1468
1338,1337,1321
1337,1320,1321
1718,1719,1727
1628,1656,1655
1627,1628,1655
1703,1681,1682
1718,1681,1703
1566,1597,1565
1597,1598,1627
1565,1597,1655
1597,1627,1655
1273,1322,1370
1322,1273,1274
1459,1416,1417
1370,1416,1495
1416,1459,1495
1260,1272,1313
1272,1260,1261
1272,1261,1361
1313,1272,1361
793,817,850
793,794,817
817,851,850
851,876,850
848,875,874
848,816,849
875,848,849
741,763,740
158,157,127
159,158,127
1208,1220,1262
1220,1273,1262
260,259,224
340,301,300
71,97,70
97,71,98
156,155,126
125,98,126
470,495,494
607,585,586
425,404,405
425,450,449
424,425,449
425,424,404
450,426,451
426,406,451
406,426,405
426,425,405
425,426,450
48,47,46
49,48,26
26,48,46
728,729,754
1337,1336,1320
988,955,989
945,979,1004
946,979,945
784,783,754
784,808,841
808,785,809
786,785,756
785,786,809
784,785,808
901,868,902
868,901,867
867,901,900
904,931,903
905,904,872
993,992,960
993,961,1020
961,993,960
992,959,960
906,874,907
934,906,907
874,906,873
906,934,933
906,905,873
905,906,933
932,933,960
932,905,933
932,904,905
959,932,960
904,932,931
932,959,931
1219,1184,1185
1219,1239,1238
1239,1219,1185
1714,1715,1726
1725,1714,1726
1456,1427,1428
1456,1455,1427
1455,1456,1469
1427,1412,1428
1467,1454,1468
1454,1467,1425
1454,1455,1468
1381,1380,1364
1429,1413,1414
1413,1429,1428
1412,1413,1428
1683,1703,1682
1703,1683,1684
1371,1416,1370
816,792,849
762,739,740
762,794,739
794,762,795
762,763,795
763,762,740
763,796,795
741,796,763
878,853,879
853,854,879
854,853,820
796,797,820
797,854,820
852,853,878
847,848,874
847,874,873
847,846,814
846,847,873
520,519,474
380,341,381
341,380,340
381,341,300
341,340,300
468,427,469
427,468,423
427,423,381
427,381,469
301,299,300
25,43,24
43,25,44
44,25,45
45,25,24
450,471,449
495,471,496
471,470,449
471,495,470
516,540,494
495,516,494
540,516,541
681,655,682
706,681,682
681,706,705
706,732,705
732,731,705
731,732,757
732,706,733
845,846,872
655,656,682
518,517,496
517,495,496
516,517,541
517,516,495
497,518,496
518,497,543
542,518,543
542,517,518
517,542,541
834,835,865
679,630,653
727,753,782
753,783,782
753,727,728
753,728,754
783,753,754
1369,1337,1338
1336,1368,1367
1368,1336,1337
1369,1368,1337
1368,1369,1385
1290,1338,1321
1128,1162,1127
1071,1049,1072
1162,1161,1127
1161,1162,1184
1157,1123,1158
893,834,865
894,893,865
893,894,924
925,894,895
894,925,924
1215,1216,1235
729,755,754
755,784,754
755,729,730
755,785,784
755,730,756
785,755,756
959,958,931
956,1015,989
1019,1018,992
993,1019,992
1019,993,1020
1706,1720,1719
1720,1706,1707
1713,1714,1725
1712,1713,1727
1713,1725,1727
1457,1456,1428
1429,1457,1428
1457,1458,1471
1458,1457,1429
1317,1316,1285
1334,1317,1318
1335,1334,1318
1335,1336,1367
1333,1317,1334
1317,1333,1316
1411,1381,1382
1411,1412,1427
1412,1411,1382
1366,1335,1367
1335,1366,1334
1330,1282,1314
1362,1363,1379
1363,1380,1379
1380,1363,1364
1424,1409,1425
1380,1409,1379
1409,1424,1379
1282,1281,1263
1281,1228,1263
1264,1282,1263
1458,1472,1471
1430,1429,1414
1430,1458,1429
1430,1472,1458
1657,1681,1656
1681,1657,1658
818,794,795
818,852,851
794,818,817
818,851,817
796,819,795
852,819,853
819,818,795
818,819,852
819,796,820
853,819,820
760,734,735
761,760,735
760,761,790
847,815,848
848,815,816
790,815,814
815,847,814
1679,1680,1702
1109,1151,1108
1108,1151,1165
339,301,340
339,299,301
299,262,300
262,299,260
730,704,731
731,704,705
703,729,678
729,703,730
679,703,678
703,704,730
704,703,679
632,631,607
630,631,653
631,585,607
608,607,586
608,632,607
811,787,812
787,786,757
904,871,872
871,845,872
871,904,903
846,813,814
813,845,812
845,813,846
809,810,843
786,810,809
787,810,786
810,787,811
734,708,735
708,684,735
708,683,684
656,683,682
473,451,452
472,450,451
472,497,496
471,472,496
472,471,450
473,472,451
472,473,497
362,382,404
382,363,405
404,382,405
363,382,362
1369,1386,1385
1386,1369,1338
1413,1384,1414
1368,1384,1367
1384,1385,1414
1384,1368,1385
1290,1271,1237
987,988,1013
926,925,895
1070,1048,1071
1048,1049,1071
1105,1070,1071
1105,1128,1127
1104,1105,1127
1105,1104,1070
1106,1071,1072
1128,1106,1129
1106,1105,1071
1105,1106,1128
1163,1186,1185
1163,1129,1186
1163,1128,1129
1162,1163,1185
1128,1163,1162
1067,1101,1066
1069,1104,1103
1104,1069,1070
1218,1238,1237
1218,1219,1238
1219,1218,1184
1117,1060,1095
1038,1003,1004
1038,1060,1003
1152,1118,1153
1118,1117,1095
1117,1118,1152
1062,1040,1063
1040,1041,1063
1041,1040,1006
947,980,946
980,979,946
948,893,924
1007,1041,1006
1041,1007,1042
1008,1007,982
1007,1008,1042
1008,1043,1042
1043,1008,1009
925,949,924
948,949,982
949,948,924
836,866,835
894,866,895
866,836,895
835,866,865
866,894,865
1267,1266,1232
1266,1267,1285
1180,1157,1158
1215,1181,1216
1181,1180,1158
1180,1181,1215
1234,1215,1235
958,990,957
931,930,903
958,930,931
930,957,902
930,902,903
930,958,957
991,1018,1017
991,958,959
991,959,992
1018,991,992
990,991,1017
991,990,958
1050,1073,1072
1049,1050,1072
1015,1050,1049
1129,1107,1130
1107,1073,1130
1073,1107,1072
1107,1106,1072
1106,1107,1129
852,877,851
877,911,910
876,877,910
851,877,876
877,852,878
911,877,878
912,878,879
912,911,878
1704,1718,1703
1688,1689,1707
1706,1688,1707
1696,1713,1695
1696,1697,1714
1713,1696,1714
1457,1470,1456
1456,1470,1469
1470,1457,1471
1381,1365,1382
1365,1333,1334
1365,1366,1382
1366,1365,1334
1365,1381,1364
1333,1365,1364
1455,1426,1427
1426,1411,1427
1454,1426,1455
1426,1454,1425
1383,1413,1412
1383,1366,1367
1384,1383,1367
1383,1384,1413
1383,1412,1382
1366,1383,1382
1378,1330,1362
1378,1362,1379
1175,1152,1153
1174,1117,1152
1174,1209,1228
1175,1174,1152
1174,1175,1209
1229,1264,1263
1228,1229,1263
1209,1229,1228
1282,1283,1314
1264,1283,1282
1283,1315,1314
1212,1231,1211
1266,1231,1232
1231,1212,1232
1154,1176,1153
1176,1175,1153
1097,1062,1063
1177,1212,1211
1176,1177,1211
1177,1176,1154
1212,1177,1178
1098,1121,1120
1098,1097,1063
1097,1098,1120
736,761,735
791,792,816
815,791,816
736,791,761
761,791,790
791,815,790
1166,1208,1165
1151,1166,1165
1166,1220,1208
1166,1151,1109
631,654,653
654,631,632
654,632,655
681,654,655
587,608,586
633,656,655
632,633,655
608,633,632
656,633,634
587,633,608
869,870,903
870,871,903
758,732,733
732,758,757
758,787,757
813,789,814
789,790,814
789,760,790
707,708,734
707,683,708
707,734,733
683,707,682
707,706,682
706,707,733
657,635,684
635,657,634
683,657,684
657,656,634
657,683,656
498,473,452
473,498,497
1430,1415,1431
1386,1415,1385
1415,1386,1431
1385,1415,1414
1415,1430,1414
1271,1236,1237
1216,1236,1235
987,954,988
988,954,955
929,954,953
954,987,953
954,929,899
926,950,925
950,949,925
1014,988,989
1048,1014,1049
1015,1014,989
1014,1015,1049
988,1014,1013
1014,1048,1013
1069,1047,1070
1048,1047,1013
1047,1048,1070
1060,1061,1095
1038,1061,1060
979,1005,1004
980,1005,979
1040,1005,1006
1005,980,1006
948,981,947
981,1007,1006
980,981,1006
981,980,947
981,948,982
1007,981,982
983,1008,982
949,983,982
1008,983,1009
950,983,949
1126,1125,1103
1104,1126,1103
1161,1126,1127
1126,1104,1127
1159,1181,1158
1336,1319,1320
1319,1288,1320
1335,1319,1336
1288,1319,1287
1287,1319,1318
1319,1335,1318
1286,1287,1318
1317,1286,1318
1286,1317,1285
1267,1286,1285
1269,1288,1287
1269,1234,1235
1212,1213,1232
1213,1212,1178
1016,1050,1015
990,1016,957
1016,990,1017
1050,1016,1073
1705,1706,1719
1687,1688,1706
1411,1410,1381
1426,1410,1411
1410,1380,1381
1410,1426,1425
1409,1410,1425
1410,1409,1380
1315,1284,1316
1316,1284,1285
1284,1266,1285
1283,1284,1315
1331,1363,1362
1315,1331,1314
1331,1330,1314
1330,1331,1362
1363,1332,1364
1332,1315,1316
1332,1333,1364
1333,1332,1316
1331,1332,1363
1332,1331,1315
1175,1210,1209
1210,1229,1209
1176,1210,1175
1210,1176,1211
1118,1119,1153
1119,1154,1153
1154,1119,1120
1119,1097,1120
1155,1154,1120
1155,1177,1154
1121,1155,1120
1177,1155,1178
1156,1155,1121
1155,1156,1178
1041,1064,1063
1064,1098,1063
1064,1041,1042
1156,1122,1157
1122,1123,1157
1122,1156,1121
680,681,705
680,654,681
704,680,705
654,680,653
680,679,653
680,704,679
844,810,811
844,870,869
844,869,843
810,844,843
844,811,812
870,844,871
845,844,812
871,844,845
734,759,733
759,758,733
760,759,734
789,759,760
1236,1270,1235
1270,1269,1235
1269,1270,1288
1270,1236,1271
1217,1218,1237
1217,1236,1216
1236,1217,1237
929,898,899
896,926,895
1044,1067,1066
1043,1044,1066
1044,1043,1009
1096,1118,1095
1061,1096,1095
1096,1061,1062
1096,1119,1118
1097,1096,1062
1119,1096,1097
1039,1038,1004
1039,1061,1038
1061,1039,1062
1005,1039,1004
1039,1040,1062
1039,1005,1040
1124,1159,1158
1123,1124,1158
1101,1124,1123
1159,1124,1125
1286,1268,1287
1268,1269,1287
1269,1268,1234
1268,1286,1267
1214,1180,1215
1234,1214,1215
1265,1231,1266
1284,1265,1266
1265,1284,1283
1265,1283,1264
1229,1230,1264
1210,1230,1229
1230,1210,1211
1230,1265,1264
1231,1230,1211
1265,1230,1231
1122,1100,1123
1101,1100,1066
1100,1101,1123
1099,1122,1121
1098,1099,1121
1064,1099,1098
1099,1100,1122
788,789,813
788,759,789
788,813,812
759,788,758
787,788,812
758,788,787
1288,1289,1320
1270,1289,1288
1320,1289,1321
1289,1270,1271
1289,1290,1321
1289,1271,1290
1217,1183,1218
1183,1161,1184
1218,1183,1184
1182,1217,1216
1181,1182,1216
1159,1182,1181
1182,1183,1217
928,929,953
928,898,929
898,928,897
952,928,953
1068,1069,1103
1012,987,1013
1047,1012,1013
927,896,897
928,927,897
927,928,952
896,927,926
983,984,1009
984,983,950
1011,1010,985
1010,984,985
1010,1044,1009
984,1010,1009
1102,1101,1067
1102,1124,1101
1124,1102,1125
1068,1102,1067
1125,1102,1103
1102,1068,1103
1180,1179,1157
1214,1179,1180
1179,1156,1157
1179,1214,1213
1156,1179,1178
1179,1213,1178
1214,1233,1213
1233,1268,1267
1233,1267,1232
1213,1233,1232
1268,1233,1234
1233,1214,1234
854,913,879
913,912,879
1043,1065,1042
1099,1065,1100
1065,1043,1066
1100,1065,1066
1065,1064,1042
1065,1099,1064
1160,1126,1161
1183,1160,1161
1126,1160,1125
1182,1160,1183
1160,1159,1125
1160,1182,1159
1068,1046,1069
1012,1046,1011
1046,1047,1069
1046,1012,1047
986,1012,1011
986,952,953
986,1011,985
952,986,985
987,986,953
1012,986,987
927,951,926
984,951,985
951,952,985
951,927,952
951,950,926
951,984,950
1044,1045,1067
1010,1045,1044
1045,1068,1067
1045,1010,1011
1046,1045,1011
1045,1046,1068
264,303,263
303,264,304
197,231,196
231,197,232
1532,1566,1565
1566,1532,1533
1534,1566,1533
1566,1534,1567
1567,1534,1568
1534,1535,1568
1408,1359,1360
1359,1408,1407
1261,1453,1361
1453,1261,1530
749,699,750
749,698,699
807,751,752
751,807,806
1562,1596,1595
1596,1562,1563
1625,1594,1626
1594,1595,1626
609,658,702
609,702,606
939,883,884
883,939,938
937,883,938
883,937,882
821,764,822
764,765,822
122,95,123
95,96,123
151,122,123
152,151,123
95,69,96
69,95,68
121,95,122
95,121,94
121,93,94
93,121,120
119,93,120
93,119,92
148,119,149
119,120,149
95,67,68
67,95,94
93,67,94
67,93,66
272,273,312
273,313,312
197,233,232
233,197,198
270,271,310
271,311,310
271,272,312
311,271,312
271,231,232
231,271,270
233,271,232
271,233,272
102,132,131
132,102,103
76,104,103
104,76,77
78,104,77
105,104,78
49,27,50
27,49,26
76,49,77
49,50,77
132,163,131
163,132,164
197,163,198
198,163,164
17,3,4
3,17,16
5,17,4
17,5,18
5,6,19
18,5,19
20,6,7
6,20,19
119,91,92
91,119,118
3,15,2
15,3,16
1496,1497,1532
1531,1496,1532
1532,1498,1533
1497,1498,1532
1498,1461,1462
1461,1498,1497
492,493,538
493,539,538
225,265,264
265,225,226
264,265,304
265,305,304
780,724,725
724,780,779
726,780,725
780,726,781
1724,1709,1710
1709,1724,1723
1722,1709,1723
1709,1722,1708
1537,1501,1502
1501,1537,1536
1535,1501,1536
1500,1501,1535
1408,1452,1407
1452,1408,1453
1528,1529,1563
1529,1564,1563
1202,1255,1201
1255,1202,1256
1202,1146,1203
1146,1202,1145
1202,1257,1256
1257,1202,1203
1359,1312,1360
1312,1359,1311
1360,1312,1361
1312,1313,1361
1312,1260,1313
1260,1312,1259
1260,1207,1261
1207,1260,1206
1260,1205,1206
1205,1260,1259
908,849,850
909,908,850
699,700,750
700,751,750
700,701,752
751,700,752
650,700,699
700,650,651
701,700,652
700,651,652
863,807,864
807,863,806
1093,1037,1094
1037,1093,1036
1624,1625,1654
1653,1624,1654
1624,1653,1652
1623,1624,1652
1624,1594,1625
1594,1624,1593
429,428,383
384,429,383
231,230,196
230,195,196
268,230,269
230,268,229
230,231,270
269,230,270
163,162,131
131,162,130
162,197,196
162,163,197
225,191,226
191,225,190
191,227,226
191,192,227
764,709,765
709,710,765
709,658,659
710,709,659
455,502,501
502,455,456
502,547,501
547,502,548
69,97,96
97,69,70
121,150,120
120,150,149
151,150,122
150,121,122
182,150,183
150,151,183
67,44,68
68,44,45
290,289,250
251,290,250
180,214,213
179,180,213
216,251,250
215,216,250
37,17,18
17,37,36
37,18,19
38,37,19
323,284,324
284,323,283
321,320,281
320,280,281
204,240,239
240,204,205
169,170,203
170,204,203
28,10,29
10,28,9
234,273,272
233,234,272
238,204,239
204,238,203
238,202,203
202,238,237
442,397,443
397,398,443
100,99,73
73,99,72
102,75,103
75,76,103
101,102,131
101,131,130
101,100,73
74,101,73
101,75,102
75,101,74
79,105,78
79,106,105
168,169,203
202,168,203
41,22,23
42,41,23
41,21,22
21,41,40
39,21,40
21,39,20
20,39,19
39,38,19
10,30,29
30,10,11
29,30,52
30,53,52
34,14,15
14,34,33
13,14,33
32,13,33
1,13,0
13,12,0
1534,1499,1535
1499,1500,1535
1499,1534,1533
1498,1499,1533
391,436,435
390,391,435
484,531,530
531,484,485
484,437,438
437,484,483
391,437,436
437,391,392
393,437,392
437,393,438
397,354,355
354,397,396
352,311,312
352,351,311
313,352,312
353,352,313
268,267,229
267,228,229
348,391,390
391,348,349
311,350,310
351,350,311
350,393,392
393,350,351
391,350,392
350,391,349
724,674,725
673,674,724
1431,1432,1474
1473,1431,1474
1341,1340,1292
1293,1341,1292
943,1003,1002
1003,943,944
945,1003,944
1003,945,1004
1021,1077,1020
1077,1021,1078
961,1021,1020
1021,961,962
1239,1293,1292
1239,1240,1293
1186,1239,1185
1239,1186,1240
1186,1241,1240
1241,1186,1187
1240,1241,1293
1293,1241,1294
1673,1646,1674
1646,1673,1645
1699,1715,1698
1699,1716,1715
1699,1700,1717
1716,1699,1717
1675,1699,1698
1699,1675,1676
1517,1480,1481
1480,1517,1516
1722,1721,1708
1708,1721,1707
1548,1582,1581
1582,1548,1549
1545,1510,1546
1510,1511,1546
1578,1545,1546
1578,1546,1579
1504,1469,1505
1469,1504,1468
1467,1504,1503
1504,1467,1468
1509,1473,1474
1510,1509,1474
1535,1569,1568
1569,1535,1536
1539,1504,1505
1539,1505,1540
1597,1566,1567
1598,1597,1567
1466,1467,1503
1502,1466,1503
1372,1373,1417
1417,1373,1418
1404,1448,1403
1448,1404,1449
1562,1527,1563
1527,1528,1563
1527,1492,1528
1492,1527,1491
1258,1205,1259
1205,1258,1204
1258,1257,1203
1258,1203,1204
1258,1312,1311
1312,1258,1259
739,794,738
794,793,738
698,649,699
649,650,699
650,604,651
604,605,651
739,689,740
689,739,688
1149,1207,1206
1149,1150,1207
1699,1677,1700
1677,1699,1676
1623,1651,1622
1651,1623,1652
1558,1591,1557
1591,1590,1557
1561,1527,1562
1527,1561,1526
1561,1562,1595
1594,1561,1595
1561,1594,1593
1560,1561,1593
1558,1523,1559
1559,1523,1524
1485,1520,1484
1485,1521,1520
429,475,428
428,475,474
482,437,483
437,482,436
436,482,435
482,481,435
346,306,307
347,346,307
389,348,390
348,389,347
195,161,196
161,162,196
192,193,227
193,228,227
158,193,192
193,158,159
191,158,192
158,191,157
995,1052,994
1052,1051,994
824,883,882
823,824,882
996,1052,995
1052,996,1053
936,996,995
996,936,937
936,995,994
935,936,994
412,457,411
411,457,456
422,380,423
423,380,381
604,560,605
560,561,605
465,511,510
464,465,510
212,178,179
212,179,213
212,211,177
178,212,177
147,119,148
119,147,118
147,180,179
180,147,148
125,155,154
155,125,126
43,42,23
24,43,23
43,67,66
43,44,67
505,460,506
460,505,459
258,223,224
259,258,224
258,297,296
258,296,257
493,540,539
540,493,494
585,540,541
540,585,584
545,588,544
588,545,589
284,325,324
325,284,285
325,365,324
324,365,364
249,215,250
249,214,215
290,329,289
329,290,330
413,457,412
457,413,458
290,291,330
291,331,330
291,290,251
252,291,251
150,181,149
181,150,182
181,148,149
181,180,148
181,216,215
216,181,182
180,181,214
214,181,215
217,182,183
217,216,182
216,217,251
217,252,251
63,39,40
39,63,62
61,37,38
37,61,60
39,61,38
61,39,62
175,144,176
144,175,143
144,114,115
114,144,143
242,243,281
243,282,281
282,243,283
243,244,283
284,245,285
245,246,285
245,284,283
244,245,283
361,362,403
362,404,403
360,320,321
361,360,321
446,491,445
491,446,492
360,319,320
319,360,359
280,241,281
241,242,281
279,241,280
241,279,240
240,279,239
279,278,239
320,279,280
319,279,320
204,171,205
170,171,204
171,140,172
140,171,139
138,171,170
171,138,139
51,28,29
51,29,52
27,51,50
28,51,27
51,79,78
79,51,52
51,78,77
50,51,77
486,531,485
531,486,532
532,486,533
486,487,533
488,442,443
489,488,443
441,397,442
397,441,396
486,441,487
441,486,440
488,441,442
441,488,487
398,444,443
399,444,398
444,489,443
444,490,489
491,444,445
490,444,491
400,446,445
446,400,401
400,444,399
444,400,445
234,274,273
274,234,235
199,233,198
199,234,233
234,199,235
199,200,235
238,277,237
237,277,276
277,238,239
278,277,239
316,277,317
277,316,276
201,168,202
168,201,167
200,201,235
201,236,235
201,202,237
236,201,237
106,135,105
135,134,105
165,198,164
165,199,198
133,132,103
104,133,103
133,104,105
134,133,105
132,133,164
133,165,164
48,75,74
47,48,74
48,49,76
75,48,76
65,93,92
93,65,66
43,65,42
65,43,66
31,13,32
13,31,12
31,30,11
12,31,11
30,31,53
53,31,54
17,35,16
35,17,36
35,15,16
35,34,15
55,31,32
31,55,54
53,80,52
80,79,52
138,110,139
110,138,109
110,140,139
140,110,111
82,110,109
110,82,83
1460,1417,1418
1460,1459,1417
1496,1460,1497
1460,1461,1497
1460,1496,1495
1459,1460,1495
1463,1420,1421
1420,1463,1462
1463,1498,1462
1463,1499,1498
540,583,539
583,540,584
539,583,538
583,582,538
576,532,533
577,576,533
576,531,532
576,575,531
729,677,678
677,729,728
726,727,781
727,782,781
727,677,728
677,727,676
352,394,351
394,393,351
265,266,305
266,306,305
306,266,307
266,267,307
266,265,226
227,266,226
267,266,228
228,266,227
308,267,268
267,308,307
308,347,307
308,348,347
783,840,782
782,840,839
840,841,900
840,900,899
675,727,726
727,675,676
675,726,725
674,675,725
675,626,627
675,627,676
672,624,673
624,672,623
1291,1239,1292
1239,1291,1238
1340,1291,1292
1339,1291,1340
782,838,781
838,782,839
837,780,781
838,837,781
784,840,783
840,784,841
901,957,956
957,901,902
901,955,900
901,956,955
1132,1074,1075
1074,1132,1131
1074,1018,1075
1018,1074,1017
1392,1345,1393
1345,1392,1344
1393,1345,1394
1345,1346,1394
1133,1134,1191
1190,1133,1191
1189,1133,1190
1133,1189,1132
1077,1133,1076
1133,1077,1134
1133,1132,1075
1133,1075,1076
1186,1129,1187
1129,1130,1187
1296,1345,1344
1345,1296,1297
1130,1188,1187
1188,1130,1131
1132,1188,1131
1189,1188,1132
1188,1241,1187
1241,1188,1242
1242,1188,1243
1188,1189,1243
1617,1646,1645
1616,1617,1645
1617,1586,1587
1617,1587,1618
1675,1647,1676
1676,1647,1648
1646,1647,1674
1647,1675,1674
1617,1647,1646
1647,1617,1618
1296,1244,1297
1244,1296,1243
1244,1190,1191
1244,1191,1245
1244,1189,1190
1189,1244,1243
1244,1298,1297
1298,1244,1245
1345,1298,1346
1298,1345,1297
1521,1555,1520
1555,1521,1556
1550,1515,1551
1551,1515,1516
1514,1515,1549
1515,1550,1549
1438,1392,1393
1392,1438,1437
1510,1475,1511
1475,1510,1474
1475,1476,1512
1511,1475,1512
1511,1547,1546
1547,1511,1512
1546,1547,1579
1547,1580,1579
1547,1548,1581
1580,1547,1581
1711,1692,1693
1692,1711,1710
1709,1692,1710
1691,1692,1709
1691,1690,1668
1668,1690,1667
1690,1708,1707
1689,1690,1707
1690,1709,1708
1690,1691,1709
1580,1611,1579
1611,1610,1579
1607,1635,1606
1635,1607,1636
1690,1666,1667
1666,1690,1689
1694,1711,1693
1711,1694,1712
1583,1582,1549
1550,1583,1549
1466,1424,1467
1467,1424,1425
1377,1328,1329
1328,1377,1376
1377,1421,1376
1377,1422,1421
1575,1607,1606
1607,1575,1576
1574,1575,1605
1575,1606,1605
1575,1543,1576
1543,1575,1542
1541,1575,1574
1575,1541,1542
1505,1541,1540
1506,1541,1505
1599,1629,1628
1629,1599,1600
1598,1599,1627
1599,1628,1627
1569,1599,1568
1599,1569,1600
1599,1567,1568
1599,1598,1567
1659,1681,1658
1681,1659,1682
1659,1683,1682
1683,1659,1660
1661,1683,1660
1683,1661,1684
1601,1629,1600
1629,1601,1630
1465,1424,1466
1424,1465,1423
1501,1465,1502
1465,1466,1502
1375,1328,1376
1328,1375,1327
1420,1375,1421
1421,1375,1376
1279,1328,1327
1328,1279,1280
1279,1227,1280
1279,1226,1227
1279,1278,1225
1226,1279,1225
1326,1279,1327
1279,1326,1278
1371,1372,1417
1416,1371,1417
1371,1322,1323
1322,1371,1370
1371,1323,1324
1372,1371,1324
1402,1401,1353
1402,1353,1354
1561,1525,1526
1525,1561,1560
1525,1559,1524
1525,1560,1559
1527,1490,1491
1490,1527,1526
1525,1490,1526
1490,1525,1489
1490,1448,1449
1491,1490,1449
1356,1405,1404
1405,1356,1357
1258,1310,1257
1310,1258,1311
1359,1310,1311
1358,1310,1359
1493,1451,1452
1493,1452,1494
1493,1494,1530
1529,1493,1530
1493,1529,1528
1492,1493,1528
1146,1147,1203
1203,1147,1204
1031,971,972
971,1031,1030
849,792,850
792,793,850
793,792,738
792,737,738
797,741,742
797,796,741
856,915,855
915,914,855
971,915,916
915,971,970
858,857,801
801,857,800
857,915,856
915,857,916
917,857,858
857,917,916
918,917,859
917,858,859
971,917,972
917,971,916
689,690,740
690,741,740
640,689,688
640,688,639
640,690,689
690,640,641
923,863,864
923,922,863
977,923,978
923,977,922
977,976,921
922,977,921
1037,977,978
977,1037,1036
976,920,921
920,976,975
805,751,806
751,805,750
1677,1678,1700
1678,1701,1700
1589,1555,1556
1555,1589,1588
1590,1589,1557
1589,1556,1557
1649,1677,1676
1649,1676,1648
1649,1678,1677
1678,1649,1650
1647,1619,1648
1619,1647,1618
1619,1649,1648
1649,1619,1620
1587,1619,1618
1619,1587,1588
1589,1619,1588
1619,1589,1620
1591,1621,1590
1621,1591,1622
1621,1589,1590
1589,1621,1620
1651,1621,1622
1621,1651,1650
1649,1621,1650
1621,1649,1620
1592,1560,1593
1560,1592,1559
1592,1591,1558
1592,1558,1559
1592,1624,1623
1624,1592,1593
1592,1623,1622
1591,1592,1622
1521,1522,1556
1556,1522,1557
1522,1558,1557
1522,1523,1558
1485,1522,1521
1522,1485,1486
1487,1522,1486
1523,1522,1487
1444,1487,1486
1487,1444,1445
1485,1444,1486
1444,1485,1443
1352,1305,1353
1305,1352,1304
831,774,775
832,831,775
520,564,563
519,520,563
476,523,522
523,476,477
346,345,306
306,345,305
305,345,304
345,344,304
303,343,302
343,342,302
343,303,304
344,343,304
343,384,342
343,385,384
388,345,346
345,388,387
388,346,347
389,388,347
345,386,344
386,345,387
386,343,344
343,386,385
162,129,130
161,129,162
128,129,160
129,161,160
129,101,130
101,129,100
129,99,100
99,129,128
230,194,195
194,230,229
228,194,229
193,194,228
194,161,195
161,194,160
194,193,159
194,159,160
1052,1109,1051
1051,1109,1108
1222,1221,1168
1221,1167,1168
1220,1221,1273
1273,1221,1274
765,766,822
766,823,822
710,766,765
711,766,710
937,881,882
936,881,937
881,936,935
881,935,880
881,823,882
823,881,822
881,821,822
881,880,821
596,642,641
596,641,595
553,596,552
596,553,597
741,691,742
690,691,741
691,690,641
642,691,641
798,797,742
743,798,742
854,798,855
797,798,854
640,594,641
641,594,595
594,640,639
593,594,639
551,596,595
596,551,552
594,551,595
551,594,550
551,505,506
552,551,506
549,594,593
594,549,550
505,504,459
504,458,459
504,551,550
551,504,505
379,380,422
379,422,421
463,417,418
417,463,462
212,247,211
247,246,211
147,146,118
146,117,118
178,146,179
146,147,179
187,155,156
187,156,188
155,187,154
154,187,186
124,152,123
124,153,152
124,125,154
153,124,154
96,124,123
97,124,96
124,97,98
125,124,98
333,294,334
294,333,293
258,222,223
222,258,257
256,222,257
222,256,221
189,222,188
223,222,189
222,187,188
187,222,221
185,154,186
185,153,154
256,220,221
220,256,255
187,220,186
220,187,221
185,220,219
220,185,186
254,294,293
294,254,255
254,220,255
220,254,219
542,585,541
585,542,586
454,500,499
454,499,453
454,455,501
500,454,501
408,454,453
409,454,408
547,546,501
546,500,501
500,546,499
546,545,499
545,546,589
546,590,589
326,365,325
365,326,366
407,365,366
407,366,408
365,407,364
407,406,364
407,408,453
452,407,453
451,407,452
406,407,451
289,288,250
288,249,250
414,460,459
460,414,415
413,414,458
458,414,459
332,371,331
371,332,372
371,414,413
414,371,372
63,90,62
62,90,89
90,116,89
116,90,117
90,91,118
117,90,118
116,88,89
88,116,115
88,61,62
88,62,89
113,114,143
142,113,143
245,210,246
246,210,211
210,245,244
210,244,209
211,210,177
210,176,177
210,175,176
175,210,209
322,362,361
322,361,321
322,321,281
282,322,281
323,322,283
322,282,283
363,323,324
363,324,364
322,363,362
363,322,323
406,363,364
363,406,405
402,361,403
402,360,361
360,402,359
402,401,359
493,447,494
447,448,494
447,493,492
446,447,492
447,402,403
448,447,403
447,446,401
402,447,401
318,277,278
277,318,317
279,318,278
318,279,319
243,208,244
244,208,209
208,243,242
207,208,242
140,173,172
173,140,141
171,206,205
206,171,172
173,206,172
206,173,207
206,240,205
206,241,240
241,206,242
206,207,242
487,534,533
488,534,487
273,314,313
274,314,273
314,353,313
314,354,353
354,314,355
314,315,355
316,275,276
275,316,315
275,314,274
314,275,315
275,237,276
275,236,237
275,274,235
236,275,235
397,356,398
356,397,355
315,356,355
316,356,315
137,170,169
137,138,170
201,166,167
166,201,200
199,166,200
165,166,199
135,166,134
166,135,167
166,133,134
133,166,165
64,90,63
90,64,91
91,64,92
64,65,92
41,64,40
64,63,40
64,41,42
65,64,42
34,56,33
57,56,34
56,32,33
56,55,32
82,56,83
55,56,82
55,81,54
81,55,82
81,53,54
81,80,53
834,778,835
778,834,777
831,891,890
891,831,832
890,891,945
891,946,945
622,576,577
622,577,623
576,622,575
575,622,621
672,622,623
622,672,671
622,670,621
670,622,671
628,677,676
627,628,676
393,439,438
394,439,393
484,439,485
439,484,438
439,486,485
486,439,440
395,354,396
354,395,353
395,352,353
395,394,352
441,395,396
395,441,440
395,439,394
439,395,440
309,270,310
309,269,270
309,268,269
309,308,268
350,309,310
309,350,349
348,309,349
308,309,348
625,675,674
675,625,626
625,674,673
624,625,673
537,492,538
537,491,492
537,490,491
537,536,490
1291,1290,1238
1238,1290,1237
1290,1291,1339
1290,1339,1338
1003,1060,1002
1060,1059,1002
1000,1056,999
1056,1000,1057
1115,1058,1059
1115,1059,1116
1169,1222,1168
1222,1169,1223
1111,1169,1168
1169,1111,1112
891,947,946
947,891,892
778,836,835
836,778,779
780,836,779
837,836,780
1073,1074,1131
1130,1073,1131
1018,1019,1075
1075,1019,1076
1077,1019,1020
1019,1077,1076
1144,1202,1201
1202,1144,1145
1029,971,1030
971,1029,970
1024,1080,1023
1080,1024,1081
1135,1077,1078
1077,1135,1134
1191,1192,1245
1192,1246,1245
1134,1192,1191
1135,1192,1134
1192,1136,1193
1192,1135,1136
908,963,907
963,962,907
963,908,909
964,963,909
911,965,910
965,911,966
965,964,909
965,909,910
965,966,1025
1024,965,1025
965,1024,1023
964,965,1023
1241,1295,1294
1295,1241,1242
1295,1242,1243
1296,1295,1243
1295,1296,1344
1343,1295,1344
1520,1483,1484
1519,1483,1520
1585,1617,1616
1617,1585,1586
1586,1554,1587
1554,1586,1553
1554,1555,1588
1587,1554,1588
1518,1554,1553
1554,1518,1519
1555,1554,1520
1554,1519,1520
1299,1298,1245
1246,1299,1245
1192,1247,1246
1247,1192,1193
1480,1439,1481
1438,1439,1480
1439,1395,1440
1395,1439,1394
1439,1393,1394
1439,1438,1393
1438,1479,1437
1479,1438,1480
1479,1480,1516
1515,1479,1516
1479,1515,1514
1478,1479,1514
1432,1433,1474
1433,1475,1474
1475,1433,1476
1433,1434,1476
1434,1435,1476
1435,1477,1476
1669,1692,1691
1669,1691,1668
1692,1669,1693
1669,1670,1693
1669,1640,1641
1640,1669,1668
1582,1612,1581
1613,1612,1582
1612,1580,1581
1612,1611,1580
1640,1612,1641
1611,1612,1640
1661,1685,1684
1685,1661,1662
1663,1685,1662
1685,1663,1686
1694,1713,1712
1713,1694,1695
1697,1675,1698
1675,1697,1674
1715,1697,1698
1714,1697,1715
1330,1281,1282
1281,1330,1329
1328,1281,1329
1281,1328,1280
1227,1281,1280
1228,1281,1227
1430,1431,1473
1472,1430,1473
1544,1510,1545
1544,1509,1510
1578,1544,1545
1577,1544,1578
1543,1544,1576
1544,1577,1576
1629,1657,1628
1628,1657,1656
1657,1629,1630
1658,1657,1630
1573,1541,1574
1541,1573,1540
1573,1539,1540
1573,1572,1539
1573,1574,1605
1604,1573,1605
1573,1604,1603
1572,1573,1603
1602,1571,1603
1571,1572,1603
1601,1631,1630
1631,1601,1602
1631,1659,1658
1631,1658,1630
1635,1634,1606
1606,1634,1605
1634,1663,1662
1663,1634,1635
1633,1604,1605
1634,1633,1605
1661,1633,1662
1633,1634,1662
1464,1463,1421
1422,1464,1421
1465,1464,1423
1464,1422,1423
1499,1464,1500
1463,1464,1499
1464,1501,1500
1464,1465,1501
1419,1460,1418
1460,1419,1461
1461,1419,1462
1419,1420,1462
1275,1221,1222
1221,1275,1274
1276,1275,1223
1275,1222,1223
1322,1275,1323
1275,1322,1274
1275,1276,1324
1323,1275,1324
1488,1487,1445
1446,1488,1445
1523,1488,1524
1488,1523,1487
1488,1525,1524
1525,1488,1489
1447,1490,1489
1490,1447,1448
1447,1488,1446
1488,1447,1489
1448,1447,1403
1447,1402,1403
1402,1447,1401
1447,1446,1401
1404,1450,1449
1405,1450,1404
1450,1492,1491
1450,1491,1449
1493,1450,1451
1450,1493,1492
1452,1406,1407
1451,1406,1452
1406,1450,1405
1450,1406,1451
1406,1359,1407
1406,1358,1359
1406,1405,1357
1358,1406,1357
1355,1402,1354
1402,1355,1403
1355,1404,1403
1355,1356,1404
1308,1254,1255
1254,1308,1307
1355,1308,1356
1308,1355,1307
1205,1148,1206
1148,1149,1206
1148,1205,1204
1147,1148,1204
1034,1033,975
975,1033,974
1149,1092,1150
1150,1092,1093
1144,1088,1145
1088,1144,1087
1031,1088,1030
1088,1087,1030
592,549,593
549,592,548
592,593,639
638,592,639
687,739,738
739,687,688
737,687,738
686,687,737
688,687,639
687,638,639
919,920,975
919,975,974
919,918,859
860,919,859
748,804,803
804,748,749
804,749,750
805,804,750
747,802,746
802,801,746
802,748,803
802,747,748
802,858,801
858,802,859
802,860,859
860,802,803
1678,1679,1701
1701,1679,1702
1679,1651,1652
1680,1679,1652
1679,1678,1650
1651,1679,1650
1401,1400,1353
1400,1352,1353
1400,1446,1445
1446,1400,1401
1444,1400,1445
1400,1444,1399
1351,1400,1399
1400,1351,1352
827,771,828
771,827,770
831,830,774
830,773,774
615,665,664
665,615,616
660,710,659
660,711,710
609,610,658
658,610,659
610,660,659
660,610,611
564,610,563
610,609,563
610,564,565
611,610,565
521,476,522
476,521,475
475,521,474
521,520,474
520,521,564
564,521,565
434,390,435
434,389,390
567,523,524
567,524,568
430,429,384
385,430,384
430,475,429
430,476,475
663,714,713
663,713,662
663,715,714
715,663,664
715,769,714
769,715,770
714,769,713
769,768,713
767,766,711
767,711,712
768,767,713
713,767,712
767,824,823
766,767,823
410,368,369
410,369,411
455,410,456
410,411,456
454,410,455
410,454,409
368,328,369
328,329,369
288,328,287
287,328,327
329,328,289
328,288,289
326,367,366
367,326,327
367,328,368
328,367,327
367,409,408
366,367,408
410,367,368
367,410,409
460,507,506
507,460,461
507,553,552
507,552,506
603,560,604
560,603,559
603,558,559
558,603,602
649,603,650
603,604,650
603,648,602
648,603,649
857,799,800
799,857,856
799,856,855
798,799,855
799,798,743
744,799,743
502,503,548
503,549,548
549,503,550
503,504,550
503,502,456
457,503,456
503,457,458
504,503,458
379,339,380
380,339,340
514,468,469
515,514,469
560,514,561
561,514,515
514,560,559
513,514,559
298,258,259
258,298,297
260,298,259
299,298,260
298,339,338
339,298,299
416,460,415
460,416,461
416,417,462
461,416,462
297,337,296
296,337,336
298,337,297
337,298,338
378,339,379
339,378,338
378,337,338
337,378,377
419,463,418
463,419,464
214,248,213
249,248,214
248,212,213
248,247,212
288,248,249
248,288,287
145,144,115
116,145,115
146,145,117
145,116,117
144,145,176
176,145,177
145,178,177
145,146,178
416,375,417
375,416,374
334,375,374
335,375,334
332,373,372
333,373,332
373,333,334
373,334,374
414,373,415
373,414,372
373,416,415
416,373,374
295,296,336
335,295,336
294,295,334
295,335,334
296,295,257
295,256,257
256,295,255
295,294,255
184,151,152
151,184,183
153,184,152
185,184,153
333,292,293
292,333,332
291,292,331
292,332,331
253,291,252
253,292,291
253,254,293
292,253,293
585,631,584
631,630,584
684,635,685
635,636,685
635,588,589
635,634,588
590,635,589
636,635,590
286,325,285
286,326,325
286,287,327
326,286,327
246,286,285
247,286,246
248,286,247
286,248,287
370,329,330
329,370,369
331,370,330
371,370,331
370,412,411
369,370,411
370,413,412
370,371,413
61,87,60
88,87,61
114,87,115
87,88,115
112,140,111
140,112,141
112,113,142
112,142,141
400,358,401
401,358,359
358,319,359
358,318,319
174,175,209
208,174,209
174,208,207
173,174,207
175,174,143
174,142,143
174,173,141
142,174,141
578,577,533
534,578,533
578,624,623
577,578,623
578,625,624
625,578,579
490,535,489
536,535,490
535,488,489
535,534,488
535,578,534
578,535,579
136,168,167
135,136,167
168,136,169
136,137,169
110,84,111
84,110,83
84,112,111
112,84,85
84,56,57
56,84,83
35,58,34
58,57,34
84,58,85
58,84,57
138,108,109
137,108,138
108,82,109
108,81,82
721,776,775
720,721,775
776,721,777
721,722,777
721,670,671
722,721,671
723,673,724
723,672,673
672,723,671
723,722,671
723,724,779
778,723,779
723,778,777
722,723,777
833,891,832
891,833,892
833,893,892
893,833,834
833,832,775
776,833,775
834,833,777
833,776,777
629,630,679
629,679,678
677,629,678
628,629,677
629,583,584
630,629,584
583,629,582
629,628,582
581,628,627
628,581,582
582,581,538
581,537,538
1431,1386,1432
1386,1387,1432
1339,1386,1338
1386,1339,1387
1060,1117,1059
1059,1117,1116
1001,943,1002
943,1001,942
1001,941,942
941,1001,1000
1059,1001,1002
1058,1001,1059
1000,1001,1057
1001,1058,1057
1110,1052,1053
1110,1109,1052
1054,1110,1053
1110,1054,1111
1167,1110,1168
1110,1111,1168
1172,1115,1116
1173,1172,1116
1226,1172,1227
1172,1173,1227
1172,1226,1225
1171,1172,1225
1278,1224,1225
1277,1224,1278
1224,1276,1223
1224,1277,1276
948,947,892
893,948,892
1306,1254,1307
1306,1253,1254
1306,1355,1354
1355,1306,1307
1353,1306,1354
1305,1306,1353
1255,1200,1201
1254,1200,1255
1086,1029,1030
1087,1086,1030
1086,1028,1029
1028,1086,1085
1079,1135,1078
1135,1079,1136
1079,1137,1136
1137,1079,1080
1138,1080,1081
1138,1137,1080
1022,963,964
1022,964,1023
1022,1021,962
963,1022,962
1080,1022,1023
1079,1022,1080
1021,1022,1078
1022,1079,1078
1482,1517,1481
1482,1518,1517
1482,1483,1519
1518,1482,1519
1439,1482,1481
1482,1439,1440
1482,1440,1441
1483,1482,1441
1585,1552,1586
1586,1552,1553
1552,1518,1553
1518,1552,1517
1517,1552,1516
1552,1551,1516
1584,1550,1551
1584,1583,1550
1584,1552,1585
1552,1584,1551
1584,1585,1616
1584,1616,1615
1346,1347,1394
1347,1395,1394
1298,1347,1346
1299,1347,1298
1442,1485,1484
1485,1442,1443
1483,1442,1484
1442,1483,1441
1347,1396,1395
1396,1347,1348
1395,1396,1440
1440,1396,1441
1396,1442,1441
1442,1396,1397
1136,1194,1193
1137,1194,1136
1138,1194,1137
1194,1138,1195
1300,1347,1299
1347,1300,1348
1300,1299,1246
1247,1300,1246
1476,1513,1512
1477,1513,1476
1513,1478,1514
1513,1477,1478
1513,1547,1512
1547,1513,1548
1548,1513,1549
1513,1514,1549
1388,1339,1340
1339,1388,1387
1388,1433,1432
1387,1388,1432
1341,1389,1340
1389,1388,1340
1433,1389,1434
1388,1389,1433
1479,1436,1437
1436,1479,1478
1435,1436,1477
1477,1436,1478
1584,1614,1583
1614,1584,1615
1583,1614,1582
1614,1613,1582
1644,1616,1645
1616,1644,1615
1644,1614,1615
1614,1644,1643
1669,1642,1670
1642,1669,1641
1642,1612,1613
1612,1642,1641
1614,1642,1613
1642,1614,1643
1671,1694,1693
1670,1671,1693
1642,1671,1670
1671,1642,1643
1685,1704,1684
1704,1703,1684
1688,1666,1689
1666,1688,1665
1664,1635,1636
1664,1663,1635
1639,1668,1667
1639,1640,1668
1666,1639,1667
1638,1639,1666
1611,1639,1610
1639,1611,1640
1637,1664,1636
1664,1637,1665
1637,1666,1665
1637,1638,1666
1696,1673,1674
1697,1696,1674
1469,1470,1505
1470,1506,1505
1378,1377,1329
1330,1378,1329
1377,1378,1422
1422,1378,1423
1378,1424,1423
1424,1378,1379
1117,1174,1116
1174,1173,1116
1174,1228,1227
1173,1174,1227
1544,1508,1509
1508,1544,1543
1509,1508,1473
1508,1472,1473
1572,1538,1539
1571,1538,1572
1538,1537,1502
1538,1502,1503
1504,1538,1503
1539,1538,1504
1537,1570,1536
1570,1569,1536
1570,1538,1571
1538,1570,1537
1569,1570,1600
1570,1601,1600
1570,1571,1602
1601,1570,1602
1659,1632,1660
1631,1632,1659
1632,1661,1660
1632,1633,1661
1632,1602,1603
1632,1631,1602
1604,1632,1603
1633,1632,1604
1373,1374,1418
1374,1419,1418
1374,1375,1420
1419,1374,1420
1375,1374,1327
1374,1326,1327
1276,1325,1324
1277,1325,1276
1326,1325,1278
1325,1277,1278
1325,1373,1372
1325,1372,1324
1325,1374,1373
1374,1325,1326
1309,1310,1358
1309,1358,1357
1356,1309,1357
1308,1309,1356
1257,1309,1256
1310,1309,1257
1309,1255,1256
1309,1308,1255
1093,1035,1036
1092,1035,1093
977,1035,976
1035,977,1036
976,1035,975
1035,1034,975
1091,1033,1034
1033,1091,1090
1091,1035,1092
1035,1091,1034
1091,1148,1147
1091,1147,1090
1148,1091,1149
1091,1092,1149
591,546,547
546,591,590
591,547,548
592,591,548
736,686,737
686,736,685
736,684,685
684,736,735
792,791,737
791,736,737
919,861,920
861,919,860
804,861,803
861,860,803
886,827,828
887,886,828
941,886,942
886,887,942
774,719,775
719,720,775
531,574,530
575,574,531
574,575,621
620,574,621
889,945,944
889,890,945
889,831,890
889,830,831
614,567,568
567,614,613
614,663,662
613,614,662
614,615,664
663,614,664
524,569,568
525,569,524
569,614,568
614,569,615
713,661,662
661,713,712
660,661,711
711,661,712
661,613,662
613,661,612
661,660,611
661,611,612
478,523,477
523,478,524
478,525,524
478,479,525
481,480,435
480,434,435
479,480,525
525,480,526
478,433,479
433,478,432
480,433,434
433,480,479
388,433,387
433,432,387
433,388,389
434,433,389
566,611,565
611,566,612
566,567,613
566,613,612
566,521,522
521,566,565
523,566,522
567,566,523
431,478,477
478,431,432
476,431,477
430,431,476
431,386,387
432,431,387
386,431,385
431,430,385
1221,1166,1167
1166,1221,1220
1110,1166,1109
1166,1110,1167
716,772,771
772,716,717
716,771,770
715,716,770
665,716,664
716,715,664
886,826,827
826,886,885
827,826,770
826,769,770
508,461,462
508,507,461
745,801,800
801,745,746
799,745,800
745,799,744
596,643,642
643,596,597
598,643,597
643,598,644
598,599,645
644,598,645
558,512,559
512,513,559
465,512,511
466,512,465
511,557,510
557,556,510
557,512,558
512,557,511
467,422,423
468,467,423
422,467,421
467,466,421
514,467,468
467,514,513
512,467,513
467,512,466
420,379,421
420,378,379
378,420,377
420,419,377
420,466,465
466,420,421
420,465,464
419,420,464
337,376,336
376,337,377
376,375,335
376,335,336
376,419,418
419,376,377
417,376,418
375,376,417
254,218,219
253,218,254
217,218,252
218,253,252
218,185,219
218,184,185
218,217,183
184,218,183
588,587,544
587,543,544
542,587,586
587,542,543
634,633,588
633,587,588
499,498,453
498,452,453
498,545,544
545,498,499
543,498,544
497,498,543
357,316,317
357,356,316
318,357,317
358,357,318
357,399,398
356,357,398
357,400,399
357,358,400
112,86,113
86,112,85
113,86,114
86,87,114
107,135,106
107,136,135
136,107,137
107,108,137
79,107,106
80,107,79
81,107,80
108,107,81
625,580,626
580,625,579
626,580,627
580,581,627
580,535,536
535,580,579
537,580,536
581,580,537
900,954,899
955,954,900
940,939,884
885,940,884
940,886,941
886,940,885
940,998,939
998,940,999
940,1000,999
940,941,1000
996,997,1053
997,1054,1053
997,937,938
997,996,937
939,997,938
998,997,939
1113,1055,1056
1055,1113,1112
1111,1055,1112
1054,1055,1111
1056,1055,999
1055,998,999
997,1055,1054
1055,997,998
1170,1169,1112
1113,1170,1112
1170,1171,1225
1224,1170,1225
1169,1170,1223
1170,1224,1223
1115,1114,1058
1058,1114,1057
1114,1056,1057
1114,1113,1056
1172,1114,1115
1114,1172,1171
1114,1170,1113
1170,1114,1171
957,1016,956
1016,1015,956
1074,1016,1017
1073,1016,1074
1251,1196,1197
1196,1251,1250
915,969,914
969,915,970
1029,969,970
1028,969,1029
1138,1139,1195
1139,1196,1195
1196,1249,1195
1249,1196,1250
1342,1341,1293
1342,1293,1294
1295,1342,1294
1342,1295,1343
1392,1391,1344
1391,1343,1344
1391,1392,1437
1436,1391,1437
1696,1672,1673
1672,1696,1695
1694,1672,1695
1671,1672,1694
1673,1672,1645
1672,1644,1645
1644,1672,1643
1672,1671,1643
1705,1685,1686
1705,1704,1685
1718,1705,1719
1704,1705,1718
1687,1705,1686
1705,1687,1706
1663,1687,1686
1664,1687,1663
1688,1687,1665
1687,1664,1665
1608,1607,1576
1577,1608,1576
1607,1608,1636
1608,1637,1636
1470,1507,1506
1507,1470,1471
1508,1507,1472
1472,1507,1471
1541,1507,1542
1507,1541,1506
1507,1543,1542
1507,1508,1543
1033,973,974
1032,973,1033
973,1031,972
973,1032,1031
973,919,974
919,973,918
973,917,918
917,973,972
1089,1033,1090
1089,1032,1033
1089,1088,1031
1032,1089,1031
1089,1147,1146
1147,1089,1090
1089,1146,1145
1088,1089,1145
637,592,638
637,591,592
637,636,590
591,637,590
637,687,686
687,637,638
636,637,685
637,686,685
922,862,863
862,922,921
920,862,921
861,862,920
863,862,806
862,805,806
862,804,805
862,861,804
1398,1351,1399
1398,1350,1351
1398,1444,1443
1444,1398,1399
1442,1398,1443
1398,1442,1397
1349,1396,1348
1396,1349,1397
1398,1349,1350
1349,1398,1397
669,721,720
721,669,670
670,669,621
669,620,621
771,829,828
772,829,771
830,829,773
829,772,773
888,943,942
887,888,942
943,888,944
888,889,944
888,887,828
829,888,828
889,888,830
888,829,830
570,569,525
570,525,526
615,570,616
569,570,615
883,825,884
824,825,883
825,826,885
825,885,884
825,767,768
767,825,824
769,825,768
826,825,769
507,554,553
508,554,507
553,554,597
554,598,597
745,695,746
695,745,694
695,747,746
695,696,747
749,697,698
748,697,749
747,697,748
696,697,747
697,649,698
697,648,649
697,647,648
647,697,696
691,692,742
692,743,742
692,691,642
643,692,642
601,558,602
601,557,558
557,601,556
601,600,556
648,601,602
647,601,648
87,59,60
86,59,87
58,59,85
59,86,85
37,59,36
59,37,60
59,35,36
59,58,35
898,838,839
898,897,838
840,898,839
898,840,899
896,837,838
897,896,838
896,836,837
836,896,895
1252,1306,1305
1306,1252,1253
1252,1305,1304
1251,1252,1304
1253,1199,1254
1199,1200,1254
1143,1144,1201
1200,1143,1201
1199,1143,1200
1143,1199,1142
1144,1143,1087
1143,1086,1087
1086,1143,1085
1143,1142,1085
1027,1084,1083
1027,1083,1026
1027,1028,1085
1084,1027,1085
1027,969,1028
1027,968,969
1142,1141,1085
1141,1084,1085
1082,1138,1081
1082,1139,1138
1024,1082,1081
1082,1024,1025
1083,1082,1026
1026,1082,1025
1248,1247,1193
1194,1248,1193
1248,1194,1195
1249,1248,1195
1390,1389,1341
1342,1390,1341
1390,1342,1343
1391,1390,1343
1390,1435,1434
1389,1390,1434
1390,1436,1435
1390,1391,1436
1609,1578,1579
1610,1609,1579
1609,1577,1578
1609,1608,1577
1609,1639,1638
1639,1609,1610
1637,1609,1638
1608,1609,1637
669,668,620
668,619,620
668,618,619
668,667,618
719,668,720
668,669,720
668,718,667
718,668,719
718,772,717
772,718,773
773,718,774
718,719,774
716,666,717
666,716,665
718,666,667
666,718,717
666,665,616
617,666,616
667,666,618
666,617,618
484,529,483
529,484,530
570,571,616
571,617,616
617,571,618
571,572,618
600,555,556
555,600,599
598,555,599
554,555,598
646,695,694
646,694,645
695,646,696
646,647,696
599,646,645
600,646,599
601,646,600
646,601,647
693,745,744
745,693,694
693,744,743
692,693,743
693,644,645
694,693,645
693,643,644
693,692,643
966,967,1025
967,1026,1025
967,1027,1026
1027,967,968
911,967,966
912,967,911
969,913,914
968,913,969
914,913,855
913,854,855
967,913,968
913,967,912
1196,1140,1197
1139,1140,1196
1082,1140,1139
1140,1082,1083
1084,1140,1083
1141,1140,1084
1140,1198,1197
1198,1140,1141
1199,1198,1142
1198,1141,1142
1198,1251,1197
1198,1252,1251
1252,1198,1253
1198,1199,1253
1251,1303,1250
1303,1251,1304
1303,1249,1250
1303,1302,1249
1352,1303,1304
1351,1303,1352
1350,1303,1351
1302,1303,1350
1300,1301,1348
1301,1349,1348
1349,1301,1350
1301,1302,1350
1301,1300,1247
1248,1301,1247
1301,1248,1249
1302,1301,1249
574,573,530
573,529,530
573,574,620
619,573,620
618,573,619
572,573,618
528,482,483
529,528,483
573,528,529
528,573,572
556,509,510
555,509,556
509,554,508
509,555,554
509,464,510
509,463,464
463,509,462
509,508,462
527,570,526
527,571,570
571,527,572
527,528,572
527,480,481
480,527,526
482,527,481
528,527,482
