1097,1138,1055
1056,1139,1097
5,13,4
2,3,11
2380,2413,2345
2655,2601,2629
2628,2601,2655
2702,2679,2655
1014,1097,1055
1014,1056,1097
1056,1014,973
932,1014,1055
1014,932,973
1015,974,1057
1015,1056,973
933,1015,973
1015,933,974
1140,1098,1057
1056,1098,1139
1098,1015,1057
1015,1098,1056
932,892,973
892,933,973
892,932,812
132,109,133
646,723,684
298,268,330
2413,2379,2345
2379,2309,2345
2380,2346,2414
2410,2477,2443
2127,2239,2088
2127,2165,2239
2127,2089,2165
1767,1849,1725
1767,1808,1849
2049,2127,2088
2127,2049,2089
2011,2049,1971
2049,2011,2089
1890,1970,1849
1808,1890,1849
974,1016,1057
1811,1729,1771
1518,1560,1476
1181,1223,1139
1181,1098,1140
1098,1181,1139
1138,1180,1222
1223,1180,1139
1180,1138,1097
1139,1180,1097
2482,2544,2513
2449,2482,2513
2280,2350,2315
2095,2134,2171
2134,2095,2056
2095,2017,2056
2017,2095,2055
2243,2280,2315
2349,2279,2315
2279,2243,2315
2601,2572,2629
2654,2628,2655
2679,2654,2655
2654,2679,2627
2762,2743,2744
2743,2762,2722
2724,2655,2744
2724,2702,2655
852,892,812
892,852,933
934,1016,974
215,275,244
481,446,517
516,553,590
553,481,517
481,553,516
12,3,4
6,17,31
7,6,0
10,1,2
618,472,656
618,580,472
580,543,472
1216,1133,1175
930,1011,970
132,157,109
87,108,66
87,66,133
109,87,133
30,63,45
429,396,464
499,429,464
801,723,762
153,179,127
179,207,235
207,179,153
391,459,424
533,497,462
851,772,891
1046,1129,1087
1469,1511,1427
1259,1216,1175
1368,1326,1284
1083,1000,1042
1200,1117,1159
1005,1046,964
1128,1045,1087
2379,2344,2309
2447,2480,2413
2447,2380,2414
2380,2447,2413
2201,2164,2238
2310,2236,2274
2346,2310,2274
2310,2380,2345
2310,2346,2380
2311,2346,2274
2346,2311,2414
1547,1505,1463
1335,1376,1292
1169,1210,1127
2222,2259,2185
2158,2196,2232
2196,2270,2232
2270,2196,2233
2411,2343,2378
2410,2376,2342
2376,2410,2443
2074,2152,2113
2152,2189,2113
1462,1546,1504
1546,1462,1505
1581,1622,1538
1903,1983,1942
1487,1445,1529
1488,1445,1404
1445,1488,1529
1403,1487,1444
1487,1403,1445
1569,1610,1526
2131,2168,2092
2168,2130,2092
2168,2204,2130
2204,2168,2242
2166,2129,2203
2129,2166,2090
2165,2202,2239
2089,2128,2165
2166,2128,2090
2128,2202,2165
2202,2128,2166
1767,1726,1808
1931,2011,1971
1970,2010,2088
2010,2049,2088
2049,2010,1971
2051,2129,2090
2011,2050,2089
2128,2050,2090
2050,2128,2089
1890,1930,1970
2010,1930,1971
1930,2010,1970
1850,1890,1808
1850,1930,1890
2017,1978,2056
1099,1140,1057
1016,1099,1057
901,941,860
938,978,897
939,898,858
1397,1313,1355
856,896,816
1642,1558,1600
1729,1688,1771
1770,1729,1811
1770,1852,1810
1852,1770,1811
1729,1770,1687
1518,1602,1560
1646,1562,1604
1688,1646,1604
1646,1729,1687
1646,1688,1729
1562,1520,1604
1224,1181,1140
2481,2449,2513
2415,2481,2448
2449,2481,2415
2382,2449,2415
2348,2382,2415
2514,2482,2450
2514,2544,2482
2544,2514,2574
2514,2545,2574
2515,2451,2484
2451,2418,2484
2316,2350,2280
2383,2350,2417
2383,2417,2450
2383,2349,2315
2350,2383,2315
2418,2384,2351
2350,2384,2417
2384,2451,2417
2451,2384,2418
2384,2316,2351
2316,2384,2350
2282,2317,2245
2321,2249,2286
2352,2282,2318
2282,2352,2317
2207,2171,2245
2314,2279,2349
2382,2314,2349
2314,2382,2348
2279,2314,2242
2571,2601,2628
2538,2507,2569
2538,2598,2568
2598,2538,2569
2570,2539,2508
2507,2539,2569
2572,2602,2629
2573,2602,2542
2602,2572,2542
2572,2510,2542
2510,2478,2542
2795,2785,2796
2626,2598,2569
2700,2651,2677
2700,2743,2722
2598,2625,2568
2651,2625,2677
2723,2700,2677
2743,2723,2744
2700,2723,2743
2797,2787,2798
657,695,581
657,734,695
734,657,696
934,975,1016
852,893,933
934,893,853
933,893,974
893,934,974
854,895,935
894,934,853
894,854,935
975,894,935
894,975,934
305,371,337
370,438,473
370,544,581
545,508,473
508,370,473
370,508,544
544,508,582
508,545,582
696,658,735
308,340,276
67,88,134
48,67,31
67,48,68
89,67,68
188,160,134
188,216,160
88,110,134
110,135,134
280,312,344
481,411,446
483,518,447
446,482,517
518,482,447
412,482,446
482,412,447
13,25,4
25,12,4
12,25,40
92,70,50
92,114,70
114,92,140
70,32,50
17,32,31
32,17,50
6,19,34
19,7,35
7,19,6
23,2,11
23,10,2
39,23,11
10,23,38
24,12,40
24,39,11
3,24,11
12,24,3
1,9,0
488,524,560
600,526,563
526,600,562
618,655,580
617,543,580
655,617,580
1133,1091,1050
807,767,729
767,690,729
805,844,765
764,843,803
1089,1006,1048
1006,1089,1047
968,1009,1050
968,1008,927
1008,968,1050
1091,1008,1050
1008,1091,1049
1011,1052,970
692,616,654
772,733,656
731,692,654
889,930,970
810,889,849
403,436,369
268,299,330
214,272,242
723,685,762
685,723,646
685,646,609
647,685,609
156,130,108
180,207,153
108,86,66
86,65,66
130,86,108
64,85,106
29,30,45
30,29,16
47,85,64
85,47,65
65,47,66
105,153,127
46,63,30
47,46,30
46,47,64
499,463,429
463,499,534
499,571,534
646,571,609
501,431,466
610,573,648
686,610,648
610,686,647
801,841,880
802,841,762
841,801,762
638,715,676
638,600,563
600,638,676
391,425,459
459,425,495
425,358,392
358,425,391
460,425,392
425,460,495
460,531,495
531,460,496
460,426,496
426,460,392
328,266,297
207,265,235
360,427,393
497,427,462
1096,1013,1221
931,851,891
851,931,890
1305,1389,1347
1389,1431,1347
1431,1389,1473
1387,1346,1430
1431,1388,1347
1346,1388,1430
1471,1387,1430
1170,1128,1087
1129,1170,1087
1088,1129,1046
1088,1005,1047
1005,1088,1046
1469,1553,1511
1344,1260,1302
1260,1344,1301
1877,1836,1918
1383,1299,1342
1679,1721,1762
1283,1241,1199
1241,1283,1325
1283,1367,1325
1283,1326,1367
1452,1368,1411
1199,1157,1116
1241,1157,1199
1157,1241,1198
1078,1119,1036
1119,1078,1161
1368,1327,1411
1327,1368,1284
1496,1454,1538
915,874,835
1158,1199,1116
1158,1117,1200
1118,1201,1159
1201,1118,1160
1117,1075,1034
1075,1158,1116
1158,1075,1117
924,1005,964
1086,1045,1128
1086,1169,1127
1169,1086,1128
1046,1004,964
1004,1045,963
1004,1046,1087
1045,1004,1087
2479,2512,2543
2344,2412,2378
2412,2344,2379
2478,2511,2542
2511,2479,2543
2573,2511,2543
2511,2573,2542
2086,2126,2164
2238,2126,2087
2164,2126,2238
2125,2086,2164
2201,2125,2164
2126,2048,2087
2048,2126,2086
2236,2200,2274
2006,2084,2045
2084,2123,2045
2235,2273,2309
2310,2273,2236
2236,2273,2199
2273,2235,2199
2309,2273,2345
2273,2310,2345
2275,2201,2238
2275,2238,2414
2311,2275,2414
1547,1590,1631
1505,1421,1463
1462,1421,1505
1421,1379,1463
1421,1462,1378
1125,1083,1042
1210,1168,1127
1377,1335,1293
1253,1294,1210
1169,1253,1210
1379,1337,1295
1294,1337,1378
1337,1421,1378
1421,1337,1379
1337,1253,1295
1253,1337,1294
1045,1003,963
963,1003,922
1003,962,922
1086,1003,1045
1043,961,1002
961,1043,1001
2536,2472,2505
2264,2226,2190
2226,2152,2190
2152,2226,2189
2259,2221,2185
2222,2296,2259
2148,2222,2185
2410,2444,2477
2444,2411,2478
2444,2510,2477
2510,2444,2478
2078,2156,2117
2231,2269,2305
2120,2196,2158
2308,2344,2378
2343,2308,2378
2307,2270,2233
2270,2307,2342
2377,2410,2342
2377,2343,2411
2377,2444,2410
2444,2377,2411
2307,2377,2342
2377,2307,2343
2156,2194,2230
2268,2231,2305
2268,2304,2230
2194,2268,2230
2268,2194,2231
1547,1589,1505
1589,1546,1505
1589,1547,1631
1546,1589,1630
1673,1589,1631
1589,1673,1630
1715,1673,1631
1798,1715,1757
1502,1460,1544
1460,1503,1544
1629,1672,1713
1586,1502,1544
1581,1665,1622
1623,1581,1539
1623,1665,1581
1665,1623,1707
1983,2022,1942
1903,1943,1983
1614,1572,1530
1488,1572,1529
1572,1488,1530
1573,1614,1530
2065,1987,2027
1747,1705,1664
1705,1747,1788
1442,1485,1526
1485,1569,1526
1485,1401,1443
1401,1485,1442
1487,1528,1444
1528,1486,1444
1486,1528,1570
1486,1402,1444
1402,1486,1443
1360,1318,1276
1360,1402,1318
1360,1403,1444
1402,1360,1444
1234,1318,1275
1318,1234,1276
1573,1489,1531
1489,1573,1530
1363,1405,1321
1363,1321,1279
903,943,862
2278,2204,2242
2278,2314,2348
2314,2278,2242
2204,2167,2130
2129,2167,2203
2202,2276,2239
2239,2276,2448
2276,2312,2448
2381,2415,2448
2381,2348,2415
1481,1565,1522
1484,1442,1526
1734,1692,1651
1726,1768,1808
1768,1850,1808
1931,1972,2011
1972,2050,2011
2132,2054,2094
2130,2052,2092
2051,1973,2013
1931,1891,1851
1850,1891,1930
1891,1931,1971
1930,1891,1971
1564,1605,1521
1773,1855,1813
1973,1933,2013
1892,1931,1851
1892,1852,1932
1972,1892,1932
1892,1972,1931
1892,1851,1810
1852,1892,1810
1895,1855,1935
1855,1895,1813
1855,1896,1935
2016,2055,2094
2054,2016,2094
1937,1978,2017
823,903,862
591,553,517
1099,1182,1140
1182,1224,1140
1187,1145,1104
979,898,939
898,979,938
1060,977,1019
1060,1102,1143
1102,1185,1143
1102,1060,1019
1058,1099,1016
975,1058,1016
899,939,858
899,859,940
899,980,939
980,899,940
859,900,940
941,900,860
900,981,940
981,900,941
1313,1271,1355
1271,1314,1355
1149,1107,1066
857,938,897
857,898,938
857,817,778
856,817,897
817,857,897
1642,1684,1725
1684,1767,1725
1684,1726,1767
1684,1642,1600
1560,1517,1476
1517,1559,1475
1516,1558,1474
1559,1516,1475
1516,1559,1600
1558,1516,1600
1432,1516,1474
1516,1432,1475
1772,1730,1689
1688,1730,1771
1730,1812,1771
1812,1730,1772
1647,1605,1689
1647,1688,1604
1730,1647,1689
1647,1730,1688
1851,1769,1810
1602,1644,1560
1561,1602,1518
1561,1477,1519
1477,1561,1518
1392,1434,1476
1434,1518,1476
1434,1477,1518
1477,1435,1519
1605,1563,1521
1520,1563,1604
1563,1647,1604
1647,1563,1605
1563,1479,1521
1479,1563,1520
1224,1266,1308
1266,1182,1225
1182,1266,1224
1267,1225,1183
2417,2483,2450
2451,2483,2417
2483,2514,2450
2483,2451,2515
2483,2515,2545
2514,2483,2545
2416,2382,2349
2383,2416,2349
2382,2416,2449
2416,2383,2450
2482,2416,2450
2449,2416,2482
2385,2418,2351
2317,2385,2351
2352,2385,2317
2244,2316,2280
2207,2133,2171
2133,2095,2171
2055,2133,2094
2095,2133,2055
2168,2205,2242
2205,2169,2243
2205,2279,2242
2279,2205,2243
2205,2168,2131
2169,2205,2131
2709,2687,2730
2663,2687,2709
2664,2687,2638
2687,2663,2638
2778,2779,2790
2778,2763,2764
2779,2766,2790
2784,2795,2794
2515,2575,2545
2545,2575,2574
2477,2509,2443
2541,2572,2601
2571,2541,2601
2509,2541,2571
2541,2510,2572
2510,2541,2477
2541,2509,2477
2570,2600,2627
2600,2571,2628
2600,2654,2627
2654,2600,2628
2506,2538,2568
2762,2742,2722
2537,2506,2568
2567,2536,2505
2537,2567,2505
2679,2653,2627
2653,2679,2702
2599,2570,2627
2599,2626,2569
2539,2599,2569
2599,2539,2570
2653,2599,2627
2599,2653,2626
2735,2754,2714
2735,2715,2755
2786,2797,2796
2715,2736,2755
2737,2717,2757
2371,2404,2336
2300,2264,2336
2300,2226,2264
2369,2335,2403
2335,2369,2299
2404,2370,2336
2335,2370,2403
2370,2300,2336
2300,2370,2335
2367,2400,2332
2333,2298,2368
2401,2333,2368
2333,2401,2367
774,696,735
774,734,696
695,773,812
734,773,695
773,852,812
775,815,854
815,895,854
815,736,776
736,815,775
370,404,438
404,474,438
404,370,337
371,404,337
509,545,473
509,474,546
583,509,546
509,583,545
438,509,473
474,509,438
700,623,662
623,700,661
737,816,776
545,620,582
583,620,545
620,583,659
620,658,582
658,619,582
619,657,581
544,619,581
619,544,582
657,619,696
619,658,696
341,309,375
216,187,160
216,246,276
246,308,276
246,188,217
188,246,216
245,275,215
245,216,276
187,245,215
245,187,216
340,307,276
307,339,275
307,245,276
245,307,275
373,307,340
307,373,339
339,306,275
306,274,244
275,306,244
306,339,372
747,670,709
670,747,708
746,669,708
635,597,560
522,596,558
597,523,560
523,488,560
488,523,452
48,90,68
67,111,88
89,111,67
189,161,135
135,161,134
161,188,134
188,161,217
161,189,217
193,222,251
92,115,140
141,115,93
224,196,254
220,250,280
250,312,280
250,220,192
312,378,344
378,411,344
378,412,446
411,378,446
411,377,344
787,747,709
51,72,93
72,51,34
51,18,34
18,6,34
18,17,6
114,91,70
71,51,93
71,92,50
115,71,93
71,115,92
56,76,38
23,56,38
56,23,39
76,55,38
97,55,76
22,10,38
9,22,37
55,22,38
22,55,37
10,22,1
22,9,1
8,7,0
418,488,452
690,652,729
543,507,472
768,807,729
847,768,808
768,847,807
845,766,806
766,845,805
882,963,922
842,882,922
843,882,803
882,842,803
844,804,765
804,843,764
1005,965,1047
965,1006,1047
1006,965,925
924,965,1005
1007,1090,1048
1090,1007,1049
885,845,806
845,885,925
1010,1052,1093
1052,1010,970
1134,1217,1175
1217,1259,1175
1259,1217,1301
1217,1260,1301
1134,1051,1093
1051,1010,1093
1051,1009,969
1010,1051,969
653,616,692
579,617,654
616,579,654
617,579,543
579,616,542
579,507,543
507,579,542
655,694,732
733,694,656
694,618,656
694,655,618
769,731,809
731,769,692
693,655,732
693,731,654
617,693,654
693,617,655
929,889,970
1010,929,970
929,1010,969
889,929,849
930,850,890
889,850,930
810,850,889
731,770,809
810,770,732
770,693,732
693,770,731
770,849,809
770,810,849
304,336,368
304,335,273
335,304,368
335,401,367
401,335,368
239,299,268
431,398,466
186,214,242
243,272,214
157,131,109
131,156,108
131,87,109
87,131,108
131,157,183
156,131,183
157,211,183
211,239,183
158,132,133
128,180,153
105,128,153
180,236,207
236,265,207
62,29,45
85,129,106
104,83,127
83,105,127
105,83,63
62,83,104
63,83,45
83,62,45
84,64,106
84,105,63
84,46,64
46,84,63
128,84,106
84,128,105
842,763,803
763,842,802
608,646,684
608,571,646
608,570,534
571,608,534
463,395,429
395,463,428
428,498,462
463,498,428
498,533,462
498,463,534
570,498,534
498,570,533
571,535,609
535,571,499
500,535,464
535,499,464
536,501,573
610,536,573
501,465,431
465,397,431
465,536,500
536,465,501
881,842,922
962,881,922
842,881,802
881,841,802
152,104,127
179,152,127
492,527,456
492,457,528
459,494,424
457,493,528
357,391,424
423,493,457
358,325,294
325,358,391
357,325,391
329,361,297
361,328,297
395,361,329
361,395,428
265,295,235
296,328,360
328,296,266
296,236,266
236,296,265
426,461,496
461,427,497
461,497,532
496,461,532
461,426,393
427,461,393
1179,1096,1221
1096,1179,1137
1054,1096,1137
1096,1054,1013
1013,972,891
972,931,891
931,972,1012
1054,972,1013
972,1054,1012
971,930,890
931,971,890
930,971,1011
971,931,1012
971,1053,1011
1053,971,1012
1094,1052,1011
1053,1094,1011
1303,1262,1346
1387,1303,1346
1262,1304,1346
1388,1304,1347
1304,1388,1346
1513,1471,1555
1513,1554,1470
1848,1766,1641
1388,1472,1430
1472,1388,1431
1598,1556,1640
1599,1557,1641
1556,1599,1640
1300,1384,1342
1259,1300,1216
1131,1089,1048
1090,1131,1048
1718,1760,1801
1760,1718,1677
1512,1554,1596
1553,1512,1596
1554,1512,1470
1512,1553,1469
1512,1428,1470
1428,1512,1469
1800,1758,1717
1758,1675,1717
1840,1758,1800
1844,1886,1926
1804,1844,1762
1721,1804,1762
1886,1804,1845
1804,1886,1844
2304,2267,2230
2193,2156,2230
2267,2193,2230
2193,2267,2229
2156,2193,2117
1552,1468,1511
1511,1468,1427
1468,1384,1427
1594,1678,1635
1551,1594,1635
1718,1634,1677
1634,1718,1676
1425,1383,1467
1384,1426,1342
1426,1383,1342
1383,1426,1467
1468,1426,1384
1844,1803,1762
1553,1595,1511
1595,1552,1511
1720,1761,1678
1720,1679,1762
1720,1803,1761
1803,1720,1762
1112,1029,1071
1029,1112,1070
1195,1238,1279
1242,1200,1284
1242,1283,1199
1158,1242,1199
1242,1158,1200
1326,1242,1284
1283,1242,1326
1493,1535,1577
1535,1451,1494
1451,1535,1493
1241,1282,1198
1282,1240,1198
1282,1241,1325
1281,1239,1197
1240,1281,1197
1162,1120,1079
1078,1120,1161
1120,1037,1079
1037,1120,1078
1243,1200,1159
1201,1243,1159
1200,1243,1284
1243,1201,1285
1327,1243,1285
1243,1327,1284
1245,1202,1161
1202,1119,1161
1119,1202,1160
1203,1162,1246
1203,1245,1161
1120,1203,1161
1203,1120,1162
1121,1162,1079
1038,1121,1079
1162,1204,1246
1121,1204,1162
1204,1121,1163
1041,1000,1083
1082,1041,1124
1041,1083,1124
1123,1040,1082
840,801,880
1000,960,1042
960,1001,1042
953,912,872
953,994,1035
875,915,835
997,957,1039
1041,959,1000
568,605,531
568,496,532
568,531,496
1454,1497,1538
1581,1497,1539
1497,1581,1538
1453,1412,1496
1412,1454,1496
1330,1287,1246
1287,1203,1246
1203,1287,1245
1287,1330,1371
754,793,715
793,833,872
833,754,794
754,833,793
714,792,752
992,952,1034
1075,992,1034
952,992,911
1117,1076,1159
1076,1118,1159
1076,1117,1034
1118,1076,1035
1077,1119,1160
1118,1077,1160
1077,1118,1035
1119,1077,1036
1077,994,1036
994,1077,1035
1113,1155,1196
1239,1155,1197
1155,1239,1196
1155,1113,1072
1156,1240,1197
1240,1156,1198
1157,1074,1116
910,950,869
950,910,991
924,883,844
883,804,844
804,883,843
883,924,964
1044,1086,1127
1044,1003,1086
962,1044,1002
1003,1044,962
2445,2411,2378
2412,2445,2378
2411,2445,2478
2445,2412,2479
2445,2511,2478
2511,2445,2479
2446,2379,2413
2446,2412,2379
2412,2446,2479
2480,2446,2413
2512,2446,2480
2446,2512,2479
2009,2048,1968
1929,2009,1968
2009,1929,1969
2009,1969,2087
2048,2009,2087
2048,2008,1968
2008,2048,2086
2125,2163,2085
2163,2125,2201
2084,2162,2123
2123,2162,2199
2162,2236,2199
2162,2200,2236
2200,2237,2274
2275,2237,2201
2237,2163,2201
2163,2237,2200
2237,2311,2274
2237,2275,2311
1591,1675,1632
1125,1167,1208
1166,1207,1124
1166,1125,1208
1083,1166,1124
1125,1166,1083
1252,1168,1210
1294,1252,1210
1420,1462,1504
1462,1420,1378
1336,1294,1378
1336,1377,1293
1252,1336,1293
1336,1252,1294
1420,1336,1378
1336,1420,1377
1253,1211,1295
1211,1253,1169
1211,1169,1128
1170,1211,1128
1001,1084,1042
1043,1084,1001
1084,1125,1042
1084,1043,1126
1167,1084,1126
1084,1167,1125
2472,2439,2505
2439,2472,2405
2372,2439,2405
2404,2438,2471
2472,2438,2405
2438,2371,2405
2371,2438,2404
2295,2221,2259
2032,1993,2071
1952,1993,2032
2123,2083,2045
2269,2341,2305
2120,2159,2196
2233,2159,2197
2196,2159,2233
2080,2120,2158
2272,2235,2309
2344,2272,2309
2308,2272,2344
2272,2198,2235
2271,2307,2233
2271,2233,2197
2271,2308,2343
2307,2271,2343
2118,2194,2156
2078,2118,2156
2409,2376,2443
2409,2341,2376
2475,2442,2508
2539,2475,2508
2475,2539,2507
2340,2268,2305
2268,2340,2304
1839,1798,1757
1839,1880,1798
1715,1756,1673
1798,1756,1715
1503,1587,1544
1834,1876,1916
1876,1834,1794
2035,2074,2113
1875,1834,1916
1875,1915,1833
1753,1835,1794
1835,1876,1794
1502,1543,1459
1586,1543,1502
1623,1666,1707
1582,1540,1624
1582,1623,1539
1498,1582,1539
1582,1498,1540
1666,1582,1624
1582,1666,1623
1499,1456,1415
1456,1499,1540
1498,1456,1540
1543,1501,1459
1711,1753,1794
1753,1711,1670
1793,1875,1833
1875,1793,1834
2063,2141,2102
2141,2063,2103
2023,1943,1984
1943,2023,1983
2024,2063,2102
1944,2024,1984
1659,1742,1700
1742,1659,1701
1823,1783,1865
1783,1824,1865
1783,1742,1824
1742,1783,1700
2103,2025,2064
2063,2025,2103
1904,1944,1984
1943,1904,1984
1904,1864,1944
1864,1904,1822
1940,1860,1901
1860,1940,1900
1821,1862,1780
1862,1820,1780
1862,1821,1903
1862,1903,1942
1861,1941,1901
1861,1779,1820
2022,1982,1942
1941,1982,2021
2634,2608,2660
1781,1740,1822
2105,2065,2027
2105,2143,2065
1491,1533,1575
1532,1491,1575
1617,1659,1575
1533,1617,1575
1576,1617,1533
1659,1617,1701
1706,1747,1664
1706,1664,1622
1665,1706,1622
1747,1706,1789
1658,1615,1574
1574,1615,1531
1615,1573,1531
1659,1616,1575
1616,1658,1574
1616,1532,1575
1532,1616,1574
1616,1659,1700
1658,1616,1700
1746,1705,1788
1610,1694,1652
1527,1486,1570
1485,1527,1569
1611,1527,1570
1527,1611,1569
1486,1527,1443
1527,1485,1443
1231,1273,1315
1233,1317,1274
1317,1233,1275
1358,1401,1442
1358,1317,1401
1358,1316,1274
1317,1358,1274
1361,1320,1404
1445,1361,1404
1403,1361,1445
1405,1362,1321
1320,1362,1404
1488,1446,1530
1446,1489,1530
1446,1488,1404
1489,1446,1405
1362,1446,1404
1446,1362,1405
1447,1489,1405
1489,1447,1531
1363,1447,1405
947,906,866
1111,1028,1070
1030,989,1072
1030,1113,1071
1113,1030,1072
989,1030,948
1073,1031,990
989,1031,1072
828,867,788
2278,2241,2204
2167,2241,2203
2241,2167,2204
2312,2347,2448
2347,2381,2448
2276,2240,2312
2240,2276,2202
2240,2166,2203
2240,2202,2166
1314,1398,1355
1356,1398,1314
1564,1480,1522
1480,1564,1521
1273,1357,1315
1357,1273,1316
1481,1523,1565
1693,1776,1734
1693,1734,1651
1898,1937,1857
1898,1938,1978
1937,1898,1978
1776,1816,1734
1816,1898,1857
1692,1733,1650
1733,1815,1774
2093,2054,2132
2093,2169,2131
2169,2093,2132
2054,2093,2015
2093,2053,2015
2053,2131,2092
2053,2093,2131
2051,2091,2129
2091,2052,2130
2167,2091,2130
2091,2167,2129
2052,2091,2013
2091,2051,2013
1972,2012,2050
2012,1973,2051
2012,2051,2090
2050,2012,2090
2012,1972,1932
1973,2012,1932
1853,1811,1771
1812,1853,1771
1853,1812,1894
1933,1853,1894
1649,1732,1690
1732,1773,1690
1649,1606,1565
1565,1606,1522
1606,1564,1522
1606,1649,1690
1607,1566,1650
1607,1649,1565
1523,1607,1565
1607,1523,1566
1773,1814,1855
1814,1896,1855
1814,1732,1774
1732,1814,1773
1731,1772,1689
1773,1731,1690
1772,1731,1813
1731,1773,1813
1812,1854,1894
1895,1854,1813
1854,1772,1813
1854,1812,1772
1896,1856,1936
1814,1856,1896
1815,1856,1774
1856,1814,1774
1976,2054,2015
1976,2016,2054
1976,2015,1935
2016,1976,1936
1896,1976,1935
1976,1896,1936
2096,2134,2056
2096,2172,2134
2172,2096,2135
1938,2018,1978
1978,2018,2056
2018,2096,2056
1977,2016,1936
1977,1937,2017
1977,2017,2055
2016,1977,2055
747,786,708
786,746,708
822,861,782
943,902,862
902,822,862
822,902,861
902,943,983
782,742,704
665,703,626
742,665,704
665,742,703
554,591,517
482,554,517
554,482,518
628,666,590
628,591,667
553,628,590
591,628,553
1229,1145,1187
1271,1229,1187
1229,1313,1270
1229,1271,1313
1021,1063,1104
1063,1021,980
980,1021,939
1021,979,939
1020,978,938
979,1020,938
1185,1228,1269
977,936,896
978,937,897
937,977,896
937,856,897
856,937,896
937,978,1019
977,937,1019
1102,1144,1185
1144,1228,1185
1058,1141,1099
1141,1182,1099
1225,1141,1183
1182,1141,1225
1017,975,935
1017,1058,975
1023,981,941
981,1023,1064
1023,1106,1064
1106,1023,1065
1230,1271,1187
1271,1230,1314
1022,981,1064
1022,1063,980
1022,980,940
981,1022,940
1190,1233,1274
1233,1190,1149
1190,1107,1149
818,779,858
818,857,778
898,818,858
857,818,898
1432,1391,1475
1391,1432,1348
1307,1391,1348
1390,1306,1348
1432,1390,1348
1390,1432,1474
1265,1224,1308
1265,1307,1223
1181,1265,1223
1224,1265,1181
1264,1306,1222
1307,1264,1223
1180,1264,1222
1264,1180,1223
1306,1264,1348
1264,1307,1348
1768,1809,1850
1809,1769,1851
1891,1809,1851
1809,1891,1850
1809,1768,1727
1769,1809,1727
1644,1686,1727
1686,1769,1727
1686,1644,1602
1643,1684,1600
1559,1643,1600
1684,1643,1726
1603,1646,1687
1646,1603,1562
1562,1603,1519
1603,1561,1519
1434,1393,1477
1393,1435,1477
1479,1436,1395
1436,1479,1520
1267,1226,1310
1226,1268,1310
1226,1267,1183
1142,1226,1183
1185,1227,1143
1227,1185,1269
1268,1352,1310
1310,1352,1394
1436,1352,1395
1352,1436,1394
2287,2250,2213
2703,2725,2745
2704,2725,2703
2725,2705,2745
2725,2704,2682
2705,2725,2682
2746,2763,2745
2763,2746,2727
2681,2704,2703
2386,2352,2318
2487,2549,2518
2248,2284,2210
2321,2285,2249
2285,2211,2249
2211,2285,2248
2243,2206,2280
2206,2244,2280
2169,2206,2243
2206,2169,2132
2281,2207,2245
2281,2244,2207
2317,2281,2245
2244,2281,2316
2281,2317,2351
2316,2281,2351
2663,2611,2638
2708,2685,2662
2685,2636,2662
2636,2685,2661
2728,2685,2708
2686,2663,2709
2686,2708,2662
2611,2584,2638
2584,2611,2554
2639,2613,2665
2687,2710,2730
2710,2687,2664
2729,2686,2709
2686,2729,2708
2750,2731,2767
2750,2766,2730
2710,2750,2730
2750,2710,2731
2791,2781,2792
2781,2791,2767
2780,2791,2790
2766,2780,2790
2791,2780,2767
2780,2750,2767
2750,2780,2766
2689,2711,2665
2771,2785,2795
2784,2771,2795
2785,2771,2755
2771,2784,2754
2771,2735,2755
2735,2771,2754
2782,2793,2792
2575,2603,2574
2540,2570,2508
2540,2509,2571
2540,2600,2570
2600,2540,2571
2442,2476,2508
2509,2476,2443
2476,2540,2508
2540,2476,2509
2476,2409,2443
2409,2476,2442
2742,2699,2722
2720,2698,2741
2761,2777,2741
2777,2761,2762
2761,2742,2762
2787,2774,2798
2774,2787,2757
2775,2758,2739
2717,2738,2757
2738,2774,2757
2774,2738,2758
2597,2625,2651
2625,2597,2568
2597,2537,2568
2597,2567,2537
2678,2653,2702
2724,2678,2702
2653,2678,2626
2671,2695,2717
2695,2738,2717
2694,2671,2717
2737,2694,2717
2645,2694,2670
2694,2645,2671
2647,2696,2672
2695,2646,2672
2646,2695,2671
2691,2668,2714
2668,2692,2714
2692,2735,2714
2735,2692,2715
2785,2772,2796
2772,2786,2796
2772,2785,2755
2786,2772,2756
2736,2772,2755
2772,2736,2756
2773,2787,2797
2786,2773,2797
2773,2786,2756
2787,2773,2757
2773,2737,2757
2737,2773,2756
2693,2736,2715
2337,2372,2405
2371,2337,2405
2263,2335,2299
2263,2300,2335
2225,2263,2299
2300,2263,2226
2263,2225,2189
2226,2263,2189
2436,2369,2403
2470,2436,2403
2298,2334,2368
2369,2334,2299
2110,2148,2070
2032,2110,2070
2110,2032,2071
2148,2186,2222
2110,2186,2148
2149,2110,2071
2149,2186,2110
2186,2149,2223
2434,2401,2468
2500,2434,2468
2401,2434,2367
2434,2400,2367
2296,2260,2332
2260,2296,2222
2186,2260,2222
2260,2186,2223
2333,2261,2298
2261,2224,2298
2436,2502,2469
2502,2436,2470
2437,2404,2471
2437,2470,2403
2370,2437,2403
2437,2370,2404
2534,2502,2470
2502,2534,2564
2504,2472,2536
2504,2535,2471
2438,2504,2471
2504,2438,2472
2504,2536,2566
2535,2504,2566
814,775,854
774,814,853
814,894,853
894,814,854
775,814,735
814,774,735
774,813,734
813,773,734
813,774,853
773,813,852
893,813,853
813,893,852
896,855,816
815,855,895
936,855,896
855,936,895
816,855,776
855,815,776
697,775,735
697,736,775
658,697,735
736,697,659
697,620,659
620,697,658
474,510,546
510,584,546
585,623,661
737,777,816
777,856,816
777,817,856
698,736,659
736,698,776
698,737,776
589,665,626
703,664,626
625,664,702
408,341,375
309,342,375
342,409,375
409,342,376
342,309,278
309,247,278
278,247,218
247,189,218
189,247,217
220,249,191
249,220,280
311,280,344
377,311,344
311,249,280
249,311,279
274,338,305
306,338,274
338,371,305
338,306,372
405,338,372
338,405,371
750,673,712
635,673,597
673,635,712
670,632,709
632,670,594
595,521,558
521,485,450
383,451,416
486,450,416
451,486,416
486,451,522
486,521,450
486,522,558
521,486,558
559,596,522
559,523,597
451,487,522
523,487,452
487,559,522
559,487,523
112,89,68
90,112,68
136,110,88
111,136,88
136,111,163
190,136,163
167,195,223
194,167,223
167,194,140
167,141,195
115,167,140
141,167,115
194,166,140
166,114,140
166,194,222
193,166,222
141,168,195
224,168,196
168,224,195
116,141,93
72,116,93
116,168,141
283,252,223
252,194,223
194,252,222
253,283,223
195,253,223
224,253,195
283,315,347
315,381,347
253,315,283
221,193,251
221,250,192
165,221,192
221,165,193
412,379,447
250,281,312
313,281,251
281,221,251
221,281,250
867,827,788
787,827,866
413,483,447
413,448,483
379,413,447
519,448,484
448,519,483
670,631,594
593,631,669
631,670,708
669,631,708
17,33,50
33,18,51
18,33,17
33,71,50
71,33,51
69,90,48
69,48,31
90,69,113
69,91,113
7,20,35
20,8,36
8,20,7
8,21,36
21,9,37
9,21,0
21,8,0
20,53,35
53,20,36
119,171,144
527,491,456
455,491,526
563,491,527
526,491,563
257,319,287
227,257,287
319,351,287
351,319,385
418,351,385
488,453,524
453,418,385
418,453,488
455,420,387
319,352,385
386,352,320
95,143,117
196,225,254
285,316,254
225,285,254
285,225,255
286,255,226
652,577,615
577,541,615
541,577,505
616,578,542
541,578,615
578,653,615
653,578,616
578,506,542
506,578,541
507,437,472
504,539,468
435,401,368
401,435,469
469,435,505
434,401,469
400,434,468
434,504,468
504,434,469
401,434,367
434,400,367
847,886,807
886,847,927
887,968,927
887,847,808
847,887,927
805,884,844
845,884,805
884,924,844
884,845,925
965,884,925
884,965,924
1006,966,1048
966,1007,1048
966,1006,925
1007,966,926
885,966,925
966,885,926
967,1007,926
1008,967,927
967,886,927
886,967,926
967,1008,1049
1007,967,1049
1176,1134,1093
1176,1217,1134
1217,1176,1260
1009,1092,1050
1051,1092,1009
1092,1133,1050
1092,1051,1134
1133,1092,1175
1092,1134,1175
691,652,615
653,691,615
652,691,729
691,768,729
851,811,772
811,733,772
811,851,890
850,811,890
303,335,367
335,303,273
303,243,273
243,303,272
363,396,330
397,363,331
363,299,331
299,363,330
364,397,331
398,364,332
397,364,431
364,398,431
333,366,399
365,398,332
365,333,399
267,329,297
329,267,298
210,156,183
239,210,183
210,239,268
185,158,133
158,185,212
185,241,212
184,211,157
184,158,212
240,184,212
184,240,211
184,157,132
158,184,132
208,236,180
236,208,266
82,62,104
62,44,29
29,44,16
44,82,61
82,44,62
26,13,5
16,15,5
107,86,130
107,129,85
86,107,65
107,85,65
155,107,130
107,155,129
725,764,803
763,725,803
725,763,686
725,686,648
685,724,762
763,724,686
724,685,647
686,724,647
724,802,762
724,763,802
362,396,429
395,362,429
396,362,330
362,395,329
362,298,330
362,329,298
572,535,500
536,572,500
535,572,609
572,536,610
572,647,609
572,610,647
396,430,464
465,430,397
363,430,396
430,363,397
430,500,464
430,465,500
432,502,466
398,432,466
432,365,399
365,432,398
502,467,538
432,467,502
467,432,399
574,502,538
804,726,765
726,804,764
841,921,880
881,921,841
921,961,880
921,881,962
921,962,1002
961,921,1002
353,386,320
353,321,387
420,353,387
353,420,386
388,422,456
422,492,456
492,422,457
421,455,387
421,388,456
491,421,456
421,491,455
321,354,387
388,354,322
354,421,387
421,354,388
206,179,235
206,152,179
530,459,495
530,494,459
755,834,794
602,564,528
492,564,527
564,492,528
357,390,324
390,357,424
494,458,424
423,458,493
458,494,529
493,458,529
390,458,423
458,390,424
262,292,232
292,262,324
328,394,360
361,394,328
394,427,360
394,361,428
394,428,462
427,394,462
358,326,392
326,358,294
234,264,294
295,264,235
264,206,235
206,264,234
264,326,294
326,264,295
327,296,360
327,360,393
327,295,265
296,327,265
1179,1220,1137
1220,1304,1262
1095,1053,1012
1054,1095,1012
1095,1054,1137
1766,1683,1641
1683,1599,1641
1599,1683,1640
1807,1766,1848
1514,1471,1430
1472,1514,1430
1471,1514,1555
1514,1472,1556
1514,1598,1555
1598,1514,1556
1515,1431,1473
1515,1472,1431
1557,1515,1473
1472,1515,1556
1599,1515,1557
1515,1599,1556
1598,1639,1555
1088,1171,1129
1343,1259,1301
1343,1300,1259
1300,1343,1384
1384,1343,1427
1340,1298,1382
1383,1341,1299
1298,1341,1382
1341,1425,1382
1425,1341,1383
1213,1256,1297
1298,1256,1214
1256,1340,1297
1340,1256,1298
1174,1133,1216
1174,1091,1133
1300,1258,1216
1215,1258,1299
1299,1258,1342
1258,1300,1342
1258,1174,1216
1174,1258,1215
1257,1298,1214
1257,1215,1299
1341,1257,1299
1257,1341,1298
1338,1379,1295
1172,1131,1214
1256,1172,1214
1172,1256,1213
1131,1172,1089
1131,1173,1214
1173,1257,1214
1257,1173,1215
1173,1131,1090
1761,1719,1678
1719,1760,1677
1635,1719,1677
1678,1719,1635
1759,1800,1717
1759,1718,1801
1676,1759,1717
1718,1759,1676
1715,1674,1757
1674,1715,1631
1590,1674,1631
1674,1590,1632
1633,1676,1717
1675,1633,1717
1591,1633,1675
1633,1591,1549
1386,1428,1344
1386,1344,1302
1428,1386,1470
1385,1469,1427
1385,1428,1469
1428,1385,1344
1343,1385,1427
1344,1385,1301
1385,1343,1301
2080,2042,2120
1927,1886,1845
2007,1927,1967
1804,1763,1845
1763,1804,1721
1680,1763,1721
2040,2000,1960
2001,2040,1960
2040,2078,2000
2040,2001,2079
2118,2040,2079
2040,2118,2078
2192,2229,2266
2227,2264,2190
2000,2039,1959
2039,1999,1959
2078,2039,2000
2039,2078,2117
1958,1998,1918
1958,2038,1998
2038,1958,1999
1551,1509,1467
1509,1425,1467
1510,1551,1467
1510,1468,1552
1594,1510,1552
1510,1594,1551
1426,1510,1467
1510,1426,1468
1593,1551,1635
1593,1634,1550
1509,1593,1550
1593,1509,1551
1593,1635,1677
1634,1593,1677
1506,1547,1463
1506,1590,1547
1425,1466,1382
1509,1466,1425
1508,1466,1550
1466,1509,1550
1889,1929,1847
1807,1889,1847
1889,1807,1848
1969,1889,1848
1929,1889,1969
1637,1553,1596
1637,1595,1553
1595,1637,1679
1680,1637,1596
1679,1637,1721
1637,1680,1721
1594,1636,1678
1636,1595,1679
1636,1720,1678
1720,1636,1679
1636,1594,1552
1595,1636,1552
2046,2084,2006
2046,2007,2085
2008,1928,1968
1928,2008,1967
1806,1846,1764
1154,1113,1196
1112,1154,1195
1238,1154,1196
1154,1238,1195
1113,1154,1071
1154,1112,1071
1239,1280,1196
1280,1238,1196
1323,1365,1407
1364,1323,1407
1323,1281,1365
1280,1323,1364
1281,1323,1239
1323,1280,1239
1410,1451,1367
1452,1410,1368
1326,1410,1367
1410,1326,1368
1410,1452,1494
1451,1410,1494
1365,1449,1407
1449,1491,1407
1491,1449,1533
1366,1282,1325
1534,1450,1493
1534,1493,1577
1618,1534,1577
1534,1618,1576
1453,1495,1411
1495,1452,1411
1622,1580,1538
1580,1496,1538
1664,1580,1622
1746,1663,1705
1663,1746,1704
1578,1535,1494
996,1038,1079
1037,996,1079
995,1078,1036
995,1037,1078
1244,1328,1285
1201,1244,1285
1244,1201,1160
1202,1244,1160
1121,1080,1163
1080,1121,1038
1080,997,1039
997,1080,1038
1207,1165,1124
1165,1082,1124
1165,1123,1082
920,961,1001
960,920,1001
961,920,880
920,960,879
920,840,880
840,920,879
952,993,1034
993,953,1035
993,1076,1034
1076,993,1035
993,952,912
953,993,912
997,916,957
957,998,1039
960,919,879
919,960,1000
959,919,1000
998,958,1040
916,876,957
1455,1498,1539
1497,1455,1539
1369,1453,1411
1369,1412,1453
1327,1369,1411
1412,1369,1328
1369,1327,1285
1328,1369,1285
1412,1370,1454
1370,1412,1328
1374,1332,1290
1247,1204,1163
1331,1247,1289
1332,1248,1290
1248,1332,1289
1417,1375,1459
1501,1417,1459
1333,1374,1290
1333,1417,1374
1417,1333,1375
1460,1418,1376
1375,1418,1459
1418,1502,1459
1418,1460,1502
754,716,794
716,755,794
871,952,911
952,871,912
793,753,715
753,792,714
715,753,676
753,714,676
873,833,794
834,873,794
1114,1155,1072
1156,1114,1073
1031,1114,1072
1114,1031,1073
1155,1114,1197
1114,1156,1197
1115,1156,1073
1115,1074,1157
1115,1157,1198
1156,1115,1198
1032,1073,990
1074,1032,991
950,1032,990
1032,950,991
1032,1115,1073
1115,1032,1074
1033,1074,991
1033,992,1075
1033,1075,1116
1074,1033,1116
830,910,869
910,830,870
710,749,788
828,749,789
749,828,788
748,787,709
748,710,788
827,748,788
748,827,787
992,951,911
910,951,991
951,1033,991
1033,951,992
951,870,911
951,910,870
923,882,843
883,923,843
882,923,963
923,883,964
1004,923,964
923,1004,963
1085,1043,1002
1044,1085,1002
1043,1085,1126
1085,1044,1127
1168,1085,1127
1085,1168,1126
2047,2007,1967
2008,2047,1967
2007,2047,2085
2047,2008,2086
2047,2125,2085
2125,2047,2086
2124,2163,2200
2162,2124,2200
2163,2124,2085
2124,2162,2084
2124,2046,2085
2046,2124,2084
1168,1209,1126
1209,1167,1126
1252,1209,1168
1209,1252,1293
1461,1420,1504
1420,1461,1377
1254,1211,1170
1211,1254,1295
1338,1254,1296
1254,1338,1295
2506,2473,2440
2439,2473,2505
2473,2537,2505
2537,2473,2506
2229,2303,2266
2267,2303,2229
2406,2439,2372
2406,2373,2440
2473,2406,2440
2406,2473,2439
2146,2184,2220
2397,2329,2364
2218,2182,2256
2182,2219,2256
2182,2218,2144
2219,2182,2145
2296,2331,2259
2331,2295,2259
2295,2258,2221
2184,2258,2220
2258,2184,2221
1993,1913,1953
1913,1993,1952
1992,2032,2070
1992,1952,2032
1952,1992,1912
2033,1993,1953
1993,2033,2071
1915,1874,1833
1954,1874,1915
1874,1792,1833
1792,1874,1832
2189,2151,2113
2225,2151,2189
2235,2161,2199
2198,2161,2235
2161,2123,2199
2161,2083,2123
2006,1965,1926
1965,2006,2045
1885,1803,1844
1885,1844,1926
1965,1885,1926
1885,1965,1925
1884,1925,1964
2376,2306,2342
2341,2306,2376
2306,2270,2342
2306,2341,2269
2270,2306,2232
2306,2269,2232
2121,2160,2197
2159,2121,2197
2121,2082,2160
2082,2121,2043
2001,2041,2079
2041,2001,1961
2234,2272,2308
2271,2234,2308
2272,2234,2198
2234,2271,2197
2160,2234,2197
2198,2234,2160
2157,2118,2079
2118,2157,2194
2194,2157,2231
2474,2506,2440
2538,2474,2507
2506,2474,2538
2341,2375,2305
2375,2340,2305
2409,2375,2341
2375,2409,2442
1961,1921,1881
1880,1921,1960
1921,2001,1960
2001,1921,1961
1921,1839,1881
1839,1921,1880
1799,1758,1840
1799,1839,1757
1799,1840,1881
1839,1799,1881
1754,1796,1836
1796,1754,1713
1920,1880,1960
1879,1920,1959
1920,2000,1959
2000,1920,1960
1756,1714,1673
1673,1714,1630
1714,1672,1630
1838,1756,1798
1880,1838,1798
1920,1838,1880
1838,1920,1879
1587,1545,1629
1545,1587,1503
1545,1461,1504
1461,1545,1503
1671,1587,1629
1671,1629,1713
1754,1671,1713
1917,1835,1877
1835,1917,1876
1955,1875,1916
1875,1955,1915
2075,2036,1997
2073,2035,2113
2151,2073,2113
2073,2151,2112
1877,1795,1836
1835,1795,1877
1795,1754,1836
1795,1835,1753
1456,1372,1415
1372,1331,1415
1457,1499,1415
1752,1711,1794
1752,1793,1710
1669,1752,1710
1752,1669,1711
1834,1752,1794
1793,1752,1834
1540,1583,1624
1583,1667,1624
1499,1583,1540
2141,2179,2215
2179,2141,2103
2178,2140,2102
2141,2178,2102
2178,2141,2215
2491,2425,2459
2214,2177,2140
2178,2214,2140
2177,2101,2140
1905,1823,1865
1905,1864,1823
1945,1905,1865
1864,1905,1944
1741,1783,1823
1783,1741,1700
1741,1658,1700
1906,1945,1865
1866,1906,1824
1824,1906,1865
2025,1986,2064
1986,2025,1945
1906,1986,1945
2024,1985,2063
1985,2025,2063
1985,2024,1944
2025,1985,1945
1905,1985,1944
1985,1905,1945
2059,2099,2137
2099,2059,2021
2060,2022,2100
2060,2099,2021
1982,2060,2021
2060,1982,2022
2138,2060,2100
2060,2138,2099
1863,1943,1903
1863,1904,1943
1821,1863,1903
1904,1863,1822
1863,1781,1822
1781,1863,1821
1817,1859,1899
1859,1817,1777
1694,1736,1777
1859,1818,1900
1818,1860,1900
1818,1859,1777
1736,1818,1777
1980,1940,2020
1940,1980,1900
1981,1941,2021
1940,1981,2020
1981,2059,2020
2059,1981,2021
1941,1981,1901
1981,1940,1901
1818,1778,1860
1778,1818,1736
1778,1695,1737
1778,1736,1695
1862,1902,1820
1902,1861,1820
1902,1862,1942
1861,1902,1941
1982,1902,1942
1902,1982,1941
2609,2636,2661
2636,2609,2582
2706,2684,2727
2746,2706,2727
2684,2706,2660
2634,2580,2608
2659,2705,2682
2458,2425,2491
2458,2424,2391
2425,2458,2391
2521,2489,2457
1572,1613,1529
1820,1738,1780
1779,1738,1820
2291,2326,2254
2361,2326,2291
2326,2361,2394
2218,2181,2144
2181,2105,2144
2105,2181,2143
2255,2181,2218
2106,2182,2144
2182,2106,2145
1573,1657,1614
1615,1657,1573
1660,1617,1576
1618,1660,1576
1617,1660,1701
1660,1618,1702
1535,1619,1577
1578,1619,1535
1703,1745,1786
1787,1745,1704
1746,1787,1704
1947,1987,1907
1987,1947,2027
1947,1988,2027
1654,1611,1570
1611,1654,1695
1695,1654,1737
1653,1694,1610
1653,1611,1695
1736,1653,1695
1653,1736,1694
1569,1653,1610
1611,1653,1569
1316,1232,1274
1273,1232,1316
1232,1190,1274
1402,1359,1318
1317,1359,1401
1401,1359,1443
1359,1402,1443
1318,1359,1275
1359,1317,1275
1360,1319,1403
1319,1361,1403
1319,1360,1276
1235,1319,1276
1236,1278,1320
1362,1278,1321
1278,1362,1320
1406,1447,1363
986,945,905
946,986,905
986,946,1028
1069,986,1028
1111,1069,1028
863,944,903
823,863,903
984,943,903
944,984,903
907,867,948
907,947,866
827,907,866
907,827,867
1069,1152,1110
1152,1069,1111
1192,1151,1235
1192,1235,1276
1234,1192,1276
947,988,1029
1030,988,948
988,907,948
907,988,947
1029,988,1071
988,1030,1071
868,828,789
2313,2241,2278
2313,2278,2348
2381,2313,2348
2347,2313,2381
1438,1481,1522
1480,1438,1522
1481,1438,1397
1438,1480,1396
1479,1437,1521
1437,1480,1521
1480,1437,1396
1437,1479,1395
1353,1437,1395
1437,1353,1396
1312,1353,1269
1312,1228,1270
1228,1312,1269
1353,1312,1396
1568,1610,1652
1610,1568,1526
1568,1484,1526
1568,1525,1484
1525,1567,1483
1441,1525,1483
1525,1441,1484
1439,1523,1481
1439,1481,1397
1439,1397,1355
1398,1439,1355
1440,1398,1356
1735,1694,1777
1693,1735,1776
1817,1735,1777
1735,1817,1776
1694,1735,1652
1735,1693,1652
1775,1692,1734
1775,1733,1692
1816,1775,1734
1733,1775,1815
1815,1775,1857
1775,1816,1857
1854,1934,1894
1934,1854,1895
1852,1893,1932
1893,1853,1933
1893,1973,1932
1893,1933,1973
1893,1852,1811
1853,1893,1811
1733,1691,1650
1691,1732,1649
1691,1607,1650
1607,1691,1649
1691,1733,1774
1732,1691,1774
1564,1648,1605
1606,1648,1564
1605,1648,1689
1648,1606,1690
1648,1731,1689
1731,1648,1690
1937,1897,1857
1856,1897,1936
1897,1977,1936
1977,1897,1937
1897,1815,1857
1897,1856,1815
2247,2173,2210
2284,2247,2210
2097,2173,2135
2282,2246,2318
2246,2283,2318
1979,2018,1938
1979,1938,1899
745,785,824
745,706,668
784,745,824
863,784,824
784,863,823
784,706,745
707,669,746
707,745,668
785,707,746
707,785,745
865,946,905
946,865,906
787,826,747
826,786,747
826,787,866
826,865,786
906,826,866
865,826,906
783,823,862
822,783,862
821,742,782
861,821,782
821,901,860
821,861,901
554,629,591
591,629,667
706,629,668
629,706,667
592,554,518
592,629,554
629,592,668
1021,1062,979
1062,1020,979
1020,1062,1103
1062,1021,1104
1145,1062,1104
1062,1145,1103
1061,1102,1019
1061,1020,1103
1144,1061,1103
1061,1144,1102
978,1061,1019
1020,1061,978
1229,1186,1145
1144,1186,1228
1186,1229,1270
1228,1186,1270
1145,1186,1103
1186,1144,1103
976,1017,935
895,976,935
936,976,895
976,1059,1017
1023,982,1065
982,1023,941
982,941,901
1107,1148,1065
1148,1106,1065
1190,1148,1107
1232,1148,1190
1272,1231,1315
1230,1272,1314
1356,1272,1315
1272,1356,1314
1272,1188,1231
1188,1272,1230
742,781,703
821,781,742
781,821,860
779,819,858
819,780,859
819,899,858
899,819,859
663,625,702
780,740,702
701,740,779
740,819,779
819,740,780
740,663,702
663,740,701
739,701,779
700,739,778
739,818,778
818,739,779
739,700,662
701,739,662
1433,1392,1476
1391,1433,1475
1517,1433,1476
1433,1517,1475
1392,1349,1308
1349,1391,1307
1349,1265,1308
1265,1349,1307
1433,1349,1392
1349,1433,1391
1770,1728,1687
1686,1728,1769
1728,1770,1810
1769,1728,1810
1644,1601,1560
1601,1643,1559
1601,1517,1560
1517,1601,1559
1685,1644,1727
1643,1685,1726
1768,1685,1727
1685,1768,1726
1685,1601,1644
1601,1685,1643
1645,1686,1602
1645,1603,1687
1728,1645,1687
1645,1728,1686
1561,1645,1602
1603,1645,1561
1309,1266,1225
1267,1309,1225
1478,1435,1394
1436,1478,1394
1435,1478,1519
1478,1436,1520
1478,1562,1519
1478,1520,1562
1226,1184,1268
1184,1227,1268
1184,1226,1142
1227,1184,1143
1353,1311,1269
1311,1352,1268
1311,1227,1269
1227,1311,1268
1311,1353,1395
1352,1311,1395
2549,2578,2518
2680,2703,2574
2656,2680,2574
2353,2386,2318
2283,2353,2318
2419,2385,2352
2386,2419,2352
2487,2519,2549
2353,2319,2387
2319,2353,2283
2247,2319,2283
2319,2247,2284
2320,2284,2248
2285,2320,2248
2211,2174,2137
2174,2248,2210
2174,2211,2248
2389,2423,2456
2489,2423,2457
2423,2489,2456
2523,2553,2491
2523,2491,2459
2553,2522,2491
2522,2458,2491
2522,2553,2582
2244,2170,2207
2206,2170,2244
2170,2133,2207
2170,2206,2132
2170,2132,2094
2133,2170,2094
2637,2611,2663
2637,2686,2662
2686,2637,2663
2747,2763,2727
2763,2747,2764
2747,2728,2764
2684,2707,2727
2707,2685,2728
2707,2747,2727
2747,2707,2728
2707,2684,2661
2685,2707,2661
2585,2613,2639
2688,2711,2731
2710,2688,2731
2711,2688,2665
2688,2710,2664
2688,2639,2665
2639,2688,2664
2778,2765,2779
2768,2782,2792
2781,2768,2792
2793,2783,2794
2547,2517,2577
2516,2547,2576
2604,2547,2577
2547,2604,2576
2546,2516,2576
2546,2575,2515
2603,2546,2576
2546,2603,2575
2546,2515,2484
2516,2546,2484
2631,2604,2577
2604,2631,2656
2631,2680,2656
2604,2630,2576
2630,2603,2576
2630,2604,2656
2630,2656,2574
2603,2630,2574
2676,2700,2722
2699,2676,2722
2700,2676,2651
2698,2721,2741
2721,2699,2742
2721,2761,2741
2761,2721,2742
2595,2535,2566
2535,2595,2565
2649,2675,2698
2675,2721,2698
2721,2675,2699
2697,2720,2740
2759,2775,2739
2759,2789,2775
2758,2718,2739
2738,2718,2758
2718,2696,2739
2695,2718,2738
2696,2718,2672
2718,2695,2672
2701,2723,2677
2701,2678,2724
2701,2724,2744
2723,2701,2744
2625,2652,2677
2678,2652,2626
2652,2701,2677
2701,2652,2678
2626,2652,2598
2652,2625,2598
2618,2645,2670
2532,2500,2468
2501,2532,2468
2500,2532,2562
2532,2501,2563
2532,2592,2562
2592,2532,2563
2645,2619,2671
2619,2646,2671
2619,2592,2646
2592,2619,2562
2559,2529,2589
2616,2559,2589
2430,2397,2464
2430,2463,2396
2531,2500,2562
2397,2431,2464
2431,2397,2364
2432,2466,2498
2466,2530,2498
2692,2669,2715
2669,2693,2715
2694,2716,2670
2716,2693,2670
2716,2694,2737
2693,2716,2736
2736,2716,2756
2716,2737,2756
2301,2371,2336
2301,2337,2371
2264,2301,2336
2227,2301,2264
2436,2402,2369
2334,2402,2368
2402,2334,2369
2402,2436,2469
2112,2150,2072
2262,2225,2299
2224,2262,2298
2334,2262,2299
2262,2334,2298
2297,2260,2223
2261,2297,2223
2260,2297,2332
2297,2261,2333
2297,2367,2332
2297,2333,2367
2533,2501,2469
2502,2533,2469
2501,2533,2563
2533,2502,2564
2593,2533,2564
2533,2593,2563
2535,2503,2471
2503,2534,2470
2503,2437,2471
2437,2503,2470
2503,2535,2565
2534,2503,2565
439,404,371
405,439,371
404,439,474
439,405,475
439,510,474
510,439,475
476,406,441
406,373,441
339,406,372
373,406,339
510,547,584
585,547,511
547,475,511
547,510,475
738,700,778
817,738,778
777,738,817
700,738,661
621,698,659
583,621,659
621,583,546
584,621,546
552,516,590
552,589,515
552,480,516
480,552,515
666,627,590
589,627,665
627,552,590
552,627,589
627,666,704
665,627,704
623,586,662
512,476,441
586,512,549
664,588,626
588,664,625
408,374,341
308,374,340
374,308,341
374,408,442
408,478,442
310,342,278
342,310,376
277,246,217
247,277,217
246,277,308
277,247,309
308,277,341
277,309,341
599,636,561
562,599,525
599,561,525
675,714,752
599,675,636
598,635,560
636,598,561
524,598,560
561,598,524
673,634,597
634,559,597
559,634,596
632,671,709
671,748,709
748,671,710
671,632,595
485,415,450
381,414,347
448,414,484
557,520,485
521,557,485
520,557,594
557,521,595
557,632,594
632,557,595
450,382,416
415,382,450
383,417,451
487,417,452
417,487,451
417,383,350
164,220,191
220,164,192
249,219,191
219,163,191
219,190,163
219,249,279
189,162,218
162,190,218
162,189,135
162,136,190
110,162,135
136,162,110
139,165,113
166,139,114
91,139,113
139,91,114
165,139,193
139,166,193
94,116,72
116,142,168
168,142,196
142,94,117
94,142,116
282,313,251
222,282,251
252,282,222
316,284,254
284,315,253
284,224,254
284,253,224
346,379,313
282,346,313
346,413,379
345,378,312
379,345,313
281,345,312
345,281,313
378,345,412
345,379,412
483,555,518
519,555,483
555,519,593
555,592,518
556,520,594
519,556,593
631,556,594
556,631,593
520,556,484
556,519,484
91,49,70
69,49,91
49,32,70
32,49,31
49,69,31
77,56,39
171,199,227
257,199,228
199,257,227
170,198,226
198,171,227
198,170,144
171,198,144
74,53,36
53,74,95
258,289,320
289,353,320
353,289,321
258,288,228
288,257,228
288,258,320
257,288,319
352,288,320
288,352,319
419,453,385
352,419,385
419,352,386
453,489,524
561,489,525
489,561,524
419,489,453
490,420,455
490,455,526
490,562,525
490,526,562
197,170,226
255,197,226
225,197,255
197,143,170
285,349,316
349,382,316
349,383,416
382,349,416
317,285,255
286,317,255
317,286,350
317,349,285
383,317,350
349,317,383
351,318,287
286,318,350
256,227,287
256,286,226
318,256,287
256,318,286
198,256,226
256,198,227
470,541,505
470,506,541
506,470,436
435,470,505
577,540,505
540,469,505
540,504,469
471,506,436
471,437,507
471,507,542
506,471,542
437,471,403
403,471,436
436,402,369
402,435,368
402,336,369
336,402,368
470,402,436
402,470,435
846,885,806
886,846,807
767,846,806
846,767,807
885,846,926
846,886,926
887,928,968
1009,928,969
928,1009,968
848,887,808
848,769,809
769,848,808
848,928,887
1135,1176,1093
1052,1135,1093
1094,1135,1052
769,730,692
691,730,768
768,730,808
730,769,808
730,653,692
730,691,653
771,850,810
771,811,850
771,810,732
811,771,733
694,771,732
771,694,733
400,334,367
366,334,400
334,303,367
303,334,272
266,237,297
237,267,297
267,237,209
208,237,266
298,238,268
267,238,298
238,267,209
238,210,268
210,182,156
155,182,209
182,238,209
238,182,210
156,182,130
182,155,130
364,300,332
300,364,331
211,269,239
240,269,211
239,269,299
300,269,240
299,269,331
269,300,331
159,185,133
213,186,242
185,213,241
271,213,242
213,271,241
213,159,186
159,213,185
181,155,209
237,181,209
181,237,208
155,181,129
59,26,42
26,14,42
14,26,5
15,14,5
204,262,232
262,204,233
539,503,468
467,503,538
433,400,468
433,467,399
503,433,468
433,503,467
366,433,399
433,366,400
501,537,573
574,537,502
537,501,466
502,537,466
573,611,648
611,574,649
537,611,573
611,537,574
725,687,764
687,726,764
687,725,648
726,687,649
611,687,648
687,611,649
727,689,766
727,805,765
727,766,805
503,575,538
575,503,539
767,728,690
689,728,766
728,767,806
766,728,806
389,423,457
422,389,457
494,566,529
530,566,494
755,795,834
874,795,835
834,795,874
262,293,324
293,357,324
293,325,357
293,262,233
326,359,392
359,327,393
359,426,392
426,359,393
359,326,295
327,359,295
1305,1263,1221
1220,1263,1304
1263,1305,1347
1304,1263,1347
1263,1179,1221
1263,1220,1179
1724,1683,1766
1683,1724,1640
1807,1724,1766
1639,1597,1555
1597,1513,1555
1513,1597,1554
1681,1597,1639
1212,1170,1129
1171,1212,1129
1212,1254,1170
1254,1212,1296
1380,1338,1296
1130,1171,1088
1172,1130,1089
1089,1130,1047
1130,1088,1047
1171,1130,1213
1130,1172,1213
1132,1174,1215
1173,1132,1215
1174,1132,1091
1132,1173,1090
1091,1132,1049
1132,1090,1049
1758,1716,1675
1674,1716,1757
1716,1799,1757
1799,1716,1758
1675,1716,1632
1716,1674,1632
1592,1634,1676
1633,1592,1676
1634,1592,1550
1592,1633,1549
1508,1592,1549
1592,1508,1550
1345,1303,1387
1345,1386,1302
1471,1429,1387
1386,1429,1470
1429,1345,1387
1345,1429,1386
1429,1513,1470
1513,1429,1471
1882,1840,1800
1886,1966,1926
1927,1966,1886
1966,2006,1926
1966,1927,2007
1966,2046,2006
2046,1966,2007
1846,1805,1764
1763,1805,1845
2155,2193,2229
2192,2155,2229
2193,2155,2117
1919,1879,1959
1999,1919,1959
1958,1919,1999
1919,1837,1879
2039,2077,1999
2077,2038,1999
2077,2039,2117
2155,2077,2117
2037,2075,1997
1506,1548,1590
1590,1548,1632
1548,1591,1632
1424,1340,1382
1424,1466,1508
1466,1424,1382
1888,1929,1968
1928,1888,1968
1929,1888,1847
1888,1928,1846
1888,1806,1847
1806,1888,1846
1927,1887,1967
1887,1928,1967
1928,1887,1846
1887,1927,1845
1805,1887,1845
1887,1805,1846
1765,1807,1847
1806,1765,1847
1765,1724,1807
1238,1322,1279
1280,1322,1238
1322,1280,1364
1322,1363,1279
1322,1406,1363
1406,1322,1364
1408,1449,1365
1408,1366,1450
1281,1324,1365
1366,1324,1282
1324,1408,1365
1408,1324,1366
1282,1324,1240
1324,1281,1240
1366,1409,1450
1451,1409,1367
1409,1451,1493
1450,1409,1493
1367,1409,1325
1409,1366,1325
1449,1492,1533
1534,1492,1450
1492,1408,1450
1408,1492,1449
1492,1576,1533
1492,1534,1576
1537,1453,1496
1537,1495,1453
1495,1537,1579
1580,1537,1496
1452,1536,1494
1495,1536,1452
1536,1495,1579
1536,1578,1494
1621,1580,1664
1621,1663,1579
1537,1621,1579
1621,1537,1580
1705,1621,1664
1663,1621,1705
1663,1620,1579
1620,1536,1579
1536,1620,1578
1620,1663,1704
956,997,1038
996,956,1038
956,996,915
956,916,997
875,956,915
916,956,875
996,955,915
955,874,915
955,996,1037
995,955,1037
1122,1080,1039
1080,1122,1163
801,761,723
723,761,684
840,761,801
999,959,1041
958,999,1040
1040,999,1082
999,1041,1082
1413,1497,1454
1413,1455,1497
1455,1413,1371
1370,1413,1454
1287,1329,1245
1329,1287,1371
1413,1329,1371
1329,1413,1370
1373,1331,1289
1332,1373,1289
1331,1373,1415
1373,1457,1415
1288,1330,1246
1288,1247,1331
1288,1372,1330
1372,1288,1331
1204,1288,1246
1247,1288,1204
1248,1206,1290
1165,1206,1123
1247,1205,1289
1205,1248,1289
1205,1247,1163
1122,1205,1163
1249,1333,1290
1206,1249,1290
1249,1165,1207
1249,1206,1165
1333,1291,1375
1249,1291,1333
1291,1249,1207
639,564,602
870,831,911
831,871,911
871,831,792
792,831,752
912,832,872
871,832,912
832,793,872
832,871,792
832,753,793
753,832,792
994,954,1036
954,995,1036
790,830,869
830,790,751
790,750,712
751,790,712
711,673,750
711,750,789
749,711,789
711,634,673
1167,1251,1208
1209,1251,1167
1208,1251,1292
1251,1209,1293
1335,1251,1293
1251,1335,1292
1460,1419,1503
1419,1461,1503
1419,1460,1376
1461,1419,1377
1335,1419,1376
1377,1419,1335
2338,2303,2373
2338,2406,2372
2406,2338,2373
2303,2338,2266
2183,2219,2145
2183,2146,2220
2107,2183,2145
2183,2107,2146
2221,2147,2185
2184,2147,2221
2257,2183,2220
2183,2257,2219
2363,2329,2397
2363,2430,2396
2430,2363,2397
2466,2399,2433
2399,2466,2432
2330,2258,2295
1872,1952,1912
1872,1913,1952
1830,1872,1912
1913,1872,1831
1872,1790,1831
1790,1872,1830
1873,1913,1831
1913,1873,1953
2031,1992,2070
2033,1994,2072
1994,2033,1953
1706,1748,1789
1790,1748,1707
1748,1665,1707
1748,1706,1665
1748,1830,1789
1748,1790,1830
1750,1667,1709
1750,1792,1832
1792,1750,1709
1793,1751,1710
1751,1792,1709
1668,1751,1709
1751,1668,1710
1751,1793,1833
1792,1751,1833
2161,2122,2083
2082,2122,2160
2122,2198,2160
2122,2161,2198
2122,2044,2083
2044,2122,2082
1924,1884,1964
1760,1842,1801
1924,1842,1884
1885,1843,1803
1803,1843,1761
1843,1885,1925
1884,1843,1925
2042,2081,2120
2121,2081,2043
2081,2003,2043
2003,2081,2042
2081,2159,2120
2081,2121,2159
2119,2080,2158
2119,2157,2079
2041,2119,2079
2119,2041,2080
2195,2158,2232
2157,2195,2231
2269,2195,2232
2195,2269,2231
2195,2119,2158
2119,2195,2157
2340,2374,2304
1672,1755,1713
1714,1755,1672
1755,1796,1713
1755,1837,1796
1546,1588,1504
1588,1545,1504
1588,1546,1630
1545,1588,1629
1672,1588,1630
1629,1588,1672
1586,1628,1670
1671,1628,1587
1628,1586,1544
1587,1628,1544
1712,1753,1670
1712,1671,1754
1628,1712,1670
1712,1628,1671
1712,1795,1753
1795,1712,1754
1957,1877,1918
1957,1917,1877
1998,1957,1918
1917,1957,1997
2037,1957,1998
1957,2037,1997
1995,1954,1915
1955,1995,1915
1995,1955,2035
2073,1995,2035
2036,1956,1997
1956,1917,1997
1876,1956,1916
1917,1956,1876
1414,1455,1371
1414,1372,1456
1414,1456,1498
1455,1414,1498
1330,1414,1371
1372,1414,1330
1373,1416,1457
1416,1332,1374
1416,1373,1332
1416,1500,1457
1585,1501,1543
1667,1625,1709
1625,1668,1709
1668,1625,1584
1583,1625,1667
1626,1669,1710
1668,1626,1710
1626,1668,1584
1626,1585,1669
2143,2104,2065
2524,2584,2554
2214,2252,2288
2252,2324,2288
2252,2178,2215
2252,2214,2178
2251,2287,2213
2251,2214,2288
2251,2323,2287
2323,2251,2288
2177,2251,2213
2214,2251,2177
2139,2101,2177
2139,2177,2213
2022,2061,2100
2101,2061,2023
2061,2022,1983
2023,2061,1983
2061,2139,2100
2139,2061,2101
2062,2101,2023
2062,2024,2102
2062,2023,1984
2024,2062,1984
2140,2062,2102
2101,2062,2140
1740,1782,1822
1782,1741,1823
1782,1864,1822
1864,1782,1823
1946,1866,1907
1946,1906,1866
1987,1946,1907
1946,1986,1906
1866,1825,1907
1785,1743,1702
1660,1743,1701
1743,1660,1702
1825,1743,1785
2065,2026,1987
1986,2026,2064
2026,2104,2064
2104,2026,2065
2026,1946,1987
1946,2026,1986
2250,2176,2213
2176,2139,2213
2176,2138,2100
2139,2176,2100
2211,2175,2249
2175,2211,2137
2099,2175,2137
2138,2175,2099
1858,1816,1776
1817,1858,1776
1816,1858,1898
1858,1817,1899
1938,1858,1899
1898,1858,1938
1861,1819,1779
1778,1819,1860
1860,1819,1901
1819,1861,1901
1779,1819,1737
1819,1778,1737
2608,2635,2660
2635,2609,2661
2635,2684,2660
2684,2635,2661
2581,2635,2608
2635,2581,2609
2726,2746,2745
2705,2726,2745
2726,2706,2746
2658,2681,2632
2704,2658,2682
2681,2658,2704
2706,2683,2660
2659,2683,2705
2683,2726,2705
2726,2683,2706
2683,2659,2634
2683,2634,2660
2607,2580,2634
2580,2607,2550
2659,2607,2634
2520,2580,2550
2489,2520,2456
1613,1571,1529
1571,1487,1529
1571,1528,1487
1571,1613,1655
1613,1697,1655
1697,1738,1655
1738,1697,1780
2393,2460,2426
2524,2460,2493
2392,2426,2459
2425,2392,2459
2255,2327,2291
2327,2361,2291
2326,2290,2254
2290,2216,2254
2360,2393,2325
2360,2326,2394
2290,2360,2325
2360,2290,2326
2216,2180,2254
2180,2104,2143
2066,2105,2027
2106,2066,2028
1988,2066,2027
2066,1988,2028
2105,2066,2144
2066,2106,2144
1657,1699,1740
1741,1699,1658
1699,1782,1740
1782,1699,1741
1699,1615,1658
1699,1657,1615
1745,1662,1704
1703,1662,1745
1662,1703,1619
1662,1620,1704
1662,1619,1578
1620,1662,1578
1744,1785,1702
1744,1703,1786
1618,1661,1702
1703,1661,1619
1661,1744,1702
1744,1661,1703
1661,1618,1577
1619,1661,1577
1828,1746,1788
1828,1787,1746
1787,1828,1869
1830,1871,1789
1871,1830,1912
1992,1951,1912
1951,1871,1912
1871,1951,1911
2031,1951,1992
1947,1908,1988
1738,1696,1655
1654,1696,1737
1696,1779,1737
1696,1738,1779
1277,1236,1320
1277,1319,1235
1361,1277,1320
1319,1277,1361
1321,1237,1279
1278,1237,1321
1237,1195,1279
1448,1364,1407
1448,1406,1364
1491,1448,1407
1448,1491,1532
947,987,906
987,946,906
987,947,1029
946,987,1028
987,1029,1070
1028,987,1070
1027,1069,1110
1069,1027,986
945,1027,985
1027,945,986
904,863,824
863,904,944
944,904,985
904,945,985
1026,944,985
1026,984,944
1151,1193,1235
1193,1152,1236
1193,1277,1235
1277,1193,1236
1193,1151,1110
1152,1193,1110
1150,1192,1234
909,950,990
950,909,869
2277,2347,2312
2277,2313,2347
2240,2277,2312
2313,2277,2241
2241,2277,2203
2277,2240,2203
1313,1354,1270
1354,1312,1270
1354,1313,1397
1312,1354,1396
1438,1354,1397
1354,1438,1396
1567,1524,1483
1524,1440,1483
1566,1608,1650
1608,1567,1651
1608,1692,1650
1692,1608,1651
1524,1608,1566
1608,1524,1567
1567,1609,1651
1609,1568,1652
1693,1609,1652
1609,1693,1651
1568,1609,1525
1609,1567,1525
1484,1400,1442
1441,1400,1484
1400,1358,1442
1400,1441,1357
1358,1400,1316
1400,1357,1316
1482,1439,1398
1440,1482,1398
1439,1482,1523
1524,1482,1440
1523,1482,1566
1482,1524,1566
1441,1399,1357
1399,1440,1356
1399,1356,1315
1357,1399,1315
1399,1441,1483
1440,1399,1483
2052,2014,2092
2014,2053,2092
2058,2097,2019
2058,1980,2020
1980,2058,2019
2096,2057,2135
2057,2097,2135
2018,2057,2096
2097,2057,2019
2057,1979,2019
1979,2057,2018
2208,2282,2245
2208,2246,2282
2171,2208,2245
2246,2208,2172
2134,2208,2171
2172,2208,2134
2209,2247,2283
2246,2209,2283
2209,2246,2172
2247,2209,2173
2173,2209,2135
2209,2172,2135
1939,1980,2019
1979,1939,2019
1980,1939,1900
1939,1979,1899
1859,1939,1899
1939,1859,1900
786,825,746
825,785,746
865,825,786
825,865,905
705,628,667
628,705,666
744,784,823
783,744,823
784,744,706
705,744,783
706,744,667
744,705,667
630,593,669
592,630,668
630,707,668
707,630,669
630,555,593
555,630,592
1017,1100,1058
1059,1100,1017
1100,1059,1142
1100,1141,1058
1141,1100,1183
1100,1142,1183
1101,1060,1143
1059,1101,1142
1184,1101,1143
1101,1184,1142
1018,977,1060
1018,1059,976
1101,1018,1060
1018,1101,1059
1018,936,977
1018,976,936
1024,983,1066
982,1024,1065
1107,1024,1066
1024,1107,1065
942,902,983
942,982,901
1024,942,983
942,1024,982
861,942,901
902,942,861
1148,1189,1106
1189,1148,1232
1189,1273,1231
1189,1232,1273
1106,1147,1064
1189,1147,1106
1188,1147,1231
1147,1189,1231
1063,1146,1104
1146,1187,1104
1146,1230,1187
1146,1188,1230
741,780,702
781,741,703
664,741,702
741,664,703
780,820,859
820,781,860
900,820,860
820,900,859
741,820,780
820,741,781
624,701,662
624,663,701
586,624,662
624,586,549
1350,1392,1308
1350,1309,1393
1350,1434,1392
1350,1393,1434
1266,1350,1308
1309,1350,1266
1309,1351,1393
1351,1310,1394
1435,1351,1394
1393,1351,1435
1351,1267,1310
1351,1309,1267
2517,2548,2577
2578,2548,2518
2548,2486,2518
2486,2548,2517
2547,2485,2517
2485,2547,2516
2420,2353,2387
2353,2420,2386
2455,2421,2388
2421,2455,2487
2455,2519,2487
2355,2285,2321
2355,2320,2285
2320,2355,2388
2389,2355,2321
2319,2354,2387
2354,2320,2388
2421,2354,2388
2354,2421,2387
2354,2319,2284
2320,2354,2284
2097,2136,2173
2173,2136,2210
2136,2174,2210
2058,2136,2097
2390,2424,2457
2423,2390,2457
2490,2521,2457
2522,2490,2458
2424,2490,2457
2458,2490,2424
2610,2636,2582
2553,2610,2582
2636,2610,2662
2610,2637,2662
2587,2527,2558
2527,2587,2557
2584,2612,2638
2612,2585,2639
2612,2664,2638
2612,2639,2664
2749,2766,2779
2765,2749,2779
2766,2749,2730
2749,2765,2729
2749,2709,2730
2749,2729,2709
2748,2778,2764
2748,2765,2778
2765,2748,2729
2728,2748,2764
2748,2728,2708
2729,2748,2708
2689,2732,2711
2605,2578,2632
2605,2631,2577
2548,2605,2577
2605,2548,2578
2681,2657,2632
2631,2657,2680
2657,2605,2632
2605,2657,2631
2657,2681,2703
2680,2657,2703
2650,2676,2699
2675,2650,2699
2696,2719,2739
2719,2697,2740
2759,2719,2740
2719,2759,2739
2777,2760,2741
2720,2760,2740
2760,2720,2741
2788,2789,2798
2789,2788,2775
2774,2788,2798
2788,2774,2758
2775,2788,2758
2534,2594,2564
2594,2534,2565
2674,2649,2698
2648,2674,2697
2720,2674,2698
2697,2674,2720
2673,2648,2697
2647,2673,2696
2673,2719,2696
2719,2673,2697
2593,2620,2563
2620,2592,2563
2620,2593,2647
2592,2620,2646
2620,2647,2672
2646,2620,2672
2619,2591,2562
2591,2531,2562
2618,2591,2645
2591,2619,2645
2530,2560,2498
2560,2529,2498
2560,2530,2590
2529,2560,2589
2497,2528,2464
2431,2497,2464
2528,2497,2559
2497,2529,2559
2616,2588,2559
2528,2588,2558
2588,2528,2559
2754,2734,2714
2734,2691,2714
2784,2770,2754
2753,2770,2783
2770,2784,2794
2783,2770,2794
2734,2770,2753
2770,2734,2754
2531,2467,2500
2467,2434,2500
2400,2467,2433
2434,2467,2400
2398,2431,2364
2330,2398,2364
2560,2617,2589
2617,2560,2590
2301,2265,2337
2265,2301,2227
2191,2265,2227
2435,2401,2368
2402,2435,2368
2401,2435,2468
2435,2402,2469
2435,2501,2468
2501,2435,2469
2111,2149,2071
2150,2111,2072
2033,2111,2071
2111,2033,2072
2149,2187,2223
2187,2150,2224
2187,2261,2223
2261,2187,2224
2111,2187,2149
2187,2111,2150
2150,2188,2224
2188,2151,2225
2262,2188,2225
2188,2262,2224
2151,2188,2112
2188,2150,2112
440,405,372
406,440,372
405,440,475
440,406,476
475,440,511
440,476,511
660,621,584
621,660,698
698,660,737
477,512,441
512,477,549
548,585,511
548,512,586
585,548,623
548,586,623
476,548,511
512,548,476
551,589,626
588,551,626
589,551,515
551,588,514
551,479,515
479,551,514
588,550,514
550,478,514
550,588,625
444,480,515
479,444,515
444,479,409
444,410,480
444,409,376
410,444,376
407,373,340
374,407,340
373,407,441
407,374,442
407,477,441
477,407,442
479,443,409
443,478,408
409,443,375
443,408,375
443,479,514
478,443,514
343,311,377
310,343,376
343,410,376
410,343,377
311,343,279
343,310,279
600,637,562
637,599,562
637,600,676
637,675,599
714,637,676
675,637,714
713,675,752
675,713,636
633,671,595
633,595,558
596,633,558
671,633,710
449,415,485
414,449,484
449,520,484
520,449,485
415,449,381
449,414,381
315,348,381
382,348,316
348,284,316
284,348,315
348,415,381
348,382,415
384,351,418
384,417,350
318,384,350
384,318,351
384,418,452
417,384,452
163,137,191
137,164,191
111,137,163
164,137,112
137,111,89
112,137,89
138,165,192
164,138,192
165,138,113
138,164,112
138,90,113
138,112,90
190,248,218
219,248,190
248,278,218
248,219,279
248,310,278
310,248,279
53,73,35
73,53,95
73,95,117
94,73,117
314,283,347
314,346,282
314,252,283
314,282,252
414,380,347
346,380,413
380,314,347
314,380,346
413,380,448
380,414,448
445,377,411
445,410,377
410,445,480
445,411,481
445,481,516
480,445,516
57,77,39
57,24,40
24,57,39
77,57,99
120,97,76
54,74,36
54,21,37
21,54,36
74,118,95
118,143,95
170,118,144
143,118,170
420,454,386
454,419,386
454,489,419
490,454,420
489,454,525
454,490,525
169,225,196
169,197,225
142,169,196
197,169,143
143,169,117
169,142,117
614,577,652
614,652,690
614,540,577
849,888,809
888,848,809
929,888,849
848,888,928
888,929,969
928,888,969
1303,1219,1262
301,271,333
301,365,332
365,301,333
271,301,241
302,366,333
302,334,366
271,302,333
334,302,272
272,302,242
302,271,242
154,208,180
154,181,208
128,154,180
181,154,129
154,128,106
129,154,106
59,41,26
41,25,13
26,41,13
81,43,61
14,27,42
27,14,15
43,27,15
28,43,15
44,28,16
28,15,16
28,44,61
43,28,61
152,126,104
126,82,104
206,178,152
151,178,205
178,234,205
178,206,234
178,126,152
126,178,151
204,176,150
176,204,232
233,177,205
204,177,233
177,151,205
177,204,150
289,259,321
727,650,689
356,292,324
390,356,324
356,390,423
389,356,423
565,602,528
493,565,528
565,493,529
604,566,530
325,263,294
293,263,325
263,234,294
263,293,233
234,263,205
263,233,205
1722,1763,1680
1722,1681,1764
1805,1722,1764
1722,1805,1763
1638,1680,1596
1638,1597,1681
1638,1722,1680
1722,1638,1681
1554,1638,1596
1597,1638,1554
1255,1171,1213
1255,1212,1171
1255,1213,1297
1212,1255,1296
1338,1422,1379
1380,1422,1338
1379,1422,1463
1422,1506,1463
1841,1882,1800
1841,1759,1801
1759,1841,1800
1882,1841,1923
1962,2003,2042
2003,1962,1923
1962,1882,1923
2116,2192,2154
2116,2155,2192
2116,2077,2155
2077,2116,2038
2192,2228,2154
2228,2191,2154
2228,2192,2266
2228,2265,2191
2153,2227,2190
2153,2191,2227
1878,1958,1918
1878,1919,1958
1836,1878,1918
1919,1878,1837
1796,1878,1836
1837,1878,1796
1424,1381,1340
1340,1381,1297
1723,1806,1764
1723,1765,1806
1681,1723,1764
1723,1681,1639
1123,1081,1040
1081,1122,1039
998,1081,1039
1081,998,1040
761,722,684
800,761,840
800,840,879
722,800,760
800,722,761
570,607,533
796,875,835
719,797,757
797,719,758
1286,1370,1328
1286,1329,1370
1244,1286,1328
1329,1286,1245
1286,1202,1245
1286,1244,1202
1206,1164,1123
1164,1205,1122
1164,1081,1123
1081,1164,1122
1164,1206,1248
1205,1164,1248
1376,1334,1292
1291,1334,1375
1418,1334,1376
1334,1418,1375
1250,1208,1292
1250,1291,1207
1334,1250,1292
1250,1334,1291
1250,1166,1208
1166,1250,1207
638,677,715
677,639,716
677,754,715
677,716,754
601,638,563
639,601,564
601,563,527
564,601,527
601,677,638
677,601,639
830,791,870
791,831,870
791,830,751
831,791,752
791,713,752
713,791,751
953,913,994
913,954,994
913,953,872
954,913,873
833,913,872
873,913,833
914,955,995
954,914,995
914,954,873
955,914,874
914,834,874
914,873,834
829,868,789
829,790,869
909,829,869
829,909,868
750,829,789
790,829,750
672,749,710
672,711,749
711,672,634
633,672,710
634,672,596
672,633,596
2109,2148,2185
2147,2109,2185
2148,2109,2070
2109,2147,2069
2109,2031,2070
2031,2109,2069
2146,2108,2184
2108,2147,2184
2147,2108,2069
2258,2294,2220
2294,2257,2220
2257,2294,2329
2330,2294,2258
2329,2294,2364
2294,2330,2364
2219,2293,2256
2257,2293,2219
2293,2257,2329
2363,2293,2329
2366,2400,2433
2399,2366,2433
2400,2366,2332
2366,2399,2331
2366,2296,2332
2366,2331,2296
1874,1914,1832
1914,1873,1832
1914,1874,1954
1873,1914,1953
1914,1994,1953
1994,1914,1954
1791,1750,1832
1791,1873,1831
1873,1791,1832
1750,1708,1667
1667,1708,1624
1708,1666,1624
1791,1708,1750
2044,2004,1964
2004,1924,1964
2004,2082,2043
2004,2044,2082
2083,2005,2045
2044,2005,2083
2005,1965,2045
2005,2044,1964
1925,2005,1964
1965,2005,1925
1802,1842,1760
1843,1802,1761
1802,1719,1761
1719,1802,1760
1842,1802,1884
1802,1843,1884
2373,2407,2440
2407,2474,2440
2408,2375,2442
2475,2408,2442
2375,2408,2340
2408,2374,2340
2303,2339,2373
2374,2339,2304
2339,2267,2304
2339,2303,2267
2339,2407,2373
2407,2339,2374
1797,1714,1756
1797,1755,1714
1838,1797,1756
1755,1797,1837
1837,1797,1879
1797,1838,1879
1994,2034,2072
2034,1995,2073
2034,2112,2072
2034,2073,2112
2034,1994,1954
1995,2034,1954
1955,1996,2035
1996,1956,2036
2035,1996,2074
1996,2036,2074
1996,1955,1916
1956,1996,1916
1457,1541,1499
1500,1541,1457
1541,1583,1499
1541,1500,1584
1625,1541,1584
1541,1625,1583
1458,1417,1501
1458,1500,1416
1417,1458,1374
1458,1416,1374
1500,1542,1584
1585,1542,1501
1542,1626,1584
1626,1542,1585
1542,1458,1501
1458,1542,1500
1585,1627,1669
1627,1586,1670
1711,1627,1670
1669,1627,1711
1627,1543,1586
1627,1585,1543
2523,2492,2554
2492,2524,2554
2492,2523,2459
2492,2460,2524
2426,2492,2459
2460,2492,2426
2524,2555,2584
2555,2612,2584
2612,2555,2585
2555,2524,2493
2585,2556,2613
2289,2252,2215
2252,2289,2324
1784,1866,1824
1784,1825,1866
1742,1784,1824
1784,1743,1825
1784,1742,1701
1743,1784,1701
2176,2212,2138
2212,2175,2138
2212,2176,2250
2175,2212,2249
2249,2212,2286
2212,2250,2286
2580,2551,2608
2551,2581,2608
2581,2551,2521
2520,2551,2580
2551,2489,2521
2551,2520,2489
2609,2552,2582
2581,2552,2609
2552,2522,2582
2552,2581,2521
2490,2552,2521
2552,2490,2522
2633,2607,2659
2633,2659,2682
2658,2633,2682
1612,1654,1570
1612,1571,1655
1696,1612,1655
1612,1696,1654
1528,1612,1570
1571,1612,1528
1697,1739,1780
1739,1821,1780
1739,1781,1821
1656,1697,1613
1656,1572,1614
1656,1613,1572
1656,1739,1697
2427,2461,2493
2460,2427,2493
2461,2427,2394
2427,2460,2393
2427,2360,2394
2360,2427,2393
2358,2425,2391
2358,2392,2425
2323,2358,2391
2392,2358,2324
2324,2358,2288
2358,2323,2288
2393,2359,2325
2359,2392,2324
2359,2289,2325
2289,2359,2324
2359,2393,2426
2392,2359,2426
2292,2327,2255
2292,2218,2256
2292,2255,2218
2142,2216,2179
2142,2180,2216
2142,2179,2103
2180,2142,2104
2142,2103,2064
2104,2142,2064
2217,2181,2255
2180,2217,2254
2217,2291,2254
2217,2255,2291
2181,2217,2143
2217,2180,2143
1829,1871,1911
1871,1829,1789
1747,1829,1788
1829,1747,1789
1870,1829,1911
1870,1828,1788
1829,1870,1788
1951,1991,1911
1991,1951,2031
1991,2031,2069
1826,1744,1786
1744,1826,1785
1988,1948,2028
1908,1948,1988
1194,1278,1236
1194,1237,1278
1152,1194,1236
1194,1152,1111
1406,1490,1447
1448,1490,1406
1447,1490,1531
1490,1448,1532
1490,1574,1531
1490,1532,1574
1027,1068,985
1068,1026,985
1068,1027,1110
1151,1068,1110
1026,1067,984
1191,1233,1149
1191,1150,1234
1233,1191,1275
1191,1234,1275
949,909,990
1031,949,990
949,1031,989
909,949,868
1974,2052,2013
1974,2014,2052
1933,1974,2013
2014,1974,1934
1974,1933,1894
1934,1974,1894
2053,1975,2015
2014,1975,2053
1975,2014,1934
2015,1975,1935
1975,1895,1935
1975,1934,1895
864,904,824
864,825,905
945,864,905
904,864,945
785,864,824
825,864,785
666,743,704
705,743,666
743,705,783
743,782,704
743,822,782
743,783,822
1147,1105,1064
1105,1146,1063
1105,1022,1064
1022,1105,1063
1105,1147,1188
1146,1105,1188
2453,2486,2517
2485,2453,2517
2453,2485,2419
2453,2420,2486
2453,2419,2386
2420,2453,2386
2452,2516,2484
2452,2485,2516
2418,2452,2484
2485,2452,2419
2385,2452,2418
2419,2452,2385
2454,2421,2487
2420,2454,2486
2454,2487,2518
2486,2454,2518
2421,2454,2387
2454,2420,2387
2422,2389,2456
2422,2455,2388
2355,2422,2388
2422,2355,2389
2520,2488,2456
2455,2488,2519
2488,2422,2456
2422,2488,2455
2519,2488,2550
2488,2520,2550
2098,2059,2137
2098,2136,2058
2059,2098,2020
2098,2058,2020
2174,2098,2137
2136,2098,2174
2250,2322,2286
2287,2322,2250
2356,2423,2389
2356,2390,2423
2356,2389,2321
2356,2322,2390
2356,2321,2286
2322,2356,2286
2637,2583,2611
2610,2583,2637
2611,2583,2554
2583,2610,2553
2583,2523,2554
2523,2583,2553
2587,2614,2557
2614,2587,2641
2666,2614,2641
2528,2496,2464
2496,2527,2463
2496,2430,2464
2430,2496,2463
2496,2528,2558
2527,2496,2558
2732,2752,2768
2768,2752,2782
2731,2751,2767
2751,2732,2768
2751,2781,2767
2751,2768,2781
2711,2751,2731
2732,2751,2711
2536,2596,2566
2567,2596,2536
2623,2675,2649
2623,2650,2675
2595,2623,2649
2623,2596,2650
2623,2595,2566
2596,2623,2566
2789,2776,2777
2776,2760,2777
2776,2789,2759
2776,2759,2740
2760,2776,2740
2621,2593,2564
2594,2621,2564
2593,2621,2647
2621,2594,2648
2621,2673,2647
2673,2621,2648
2594,2622,2648
2622,2595,2649
2674,2622,2649
2622,2674,2648
2595,2622,2565
2622,2594,2565
2530,2561,2590
2591,2561,2531
2561,2618,2590
2561,2591,2618
2529,2465,2498
2497,2465,2529
2465,2432,2498
2465,2497,2431
2465,2398,2432
2398,2465,2431
2615,2587,2558
2588,2615,2558
2587,2615,2641
2615,2667,2641
2499,2466,2433
2467,2499,2433
2466,2499,2530
2499,2467,2531
2499,2561,2530
2561,2499,2531
2399,2365,2331
2365,2398,2330
2331,2365,2295
2365,2330,2295
2365,2399,2432
2398,2365,2432
2618,2644,2590
2644,2617,2590
2617,2644,2669
2644,2618,2670
2693,2644,2670
2669,2644,2693
2616,2643,2668
2643,2617,2669
2643,2692,2668
2643,2669,2692
2643,2616,2589
2617,2643,2589
2338,2302,2266
2265,2302,2337
2337,2302,2372
2302,2338,2372
2302,2228,2266
2228,2302,2265
622,585,661
622,660,584
547,622,584
622,547,585
738,699,661
660,699,737
699,622,661
622,699,660
699,777,737
699,738,777
477,513,549
550,513,478
478,513,442
513,477,442
587,624,549
587,550,625
513,587,549
587,513,550
663,587,625
624,587,663
674,751,712
674,713,751
635,674,712
713,674,636
598,674,635
674,598,636
52,94,72
52,73,94
52,72,34
73,52,35
19,52,34
52,19,35
98,120,76
56,98,76
77,98,56
145,119,97
120,145,97
119,145,171
145,199,171
75,55,97
119,75,97
55,75,37
75,54,37
96,119,144
118,96,144
96,118,74
96,75,119
54,96,74
75,96,54
614,576,540
576,539,504
540,576,504
1136,1094,1053
1095,1136,1053
1261,1219,1303
1261,1345,1302
1345,1261,1303
300,270,332
270,301,332
270,300,240
301,270,241
241,270,212
270,240,212
203,176,232
200,258,228
260,291,322
688,726,649
688,650,727
726,688,765
688,727,765
574,612,649
650,612,575
612,688,649
688,612,650
612,574,538
575,612,538
356,323,292
323,356,389
605,567,531
567,604,530
531,567,495
567,530,495
1464,1548,1506
1464,1422,1380
1422,1464,1506
1883,1842,1924
1841,1883,1923
1842,1883,1801
1883,1841,1801
2002,2041,1961
2002,1962,2042
2002,2042,2080
2041,2002,2080
1922,1961,1881
1962,1922,1882
1840,1922,1881
1882,1922,1840
1922,2002,1961
2002,1922,1962
2076,2116,2154
2116,2076,2038
2038,2076,1998
2076,2037,1998
2152,2114,2190
2114,2153,2190
2114,2152,2074
2153,2114,2075
2036,2114,2074
2114,2036,2075
2191,2115,2154
2153,2115,2191
2115,2153,2075
2115,2076,2154
2037,2115,2075
2076,2115,2037
1339,1380,1296
1381,1339,1297
1339,1255,1297
1255,1339,1296
1765,1682,1724
1723,1682,1765
1724,1682,1640
1682,1723,1639
1682,1598,1640
1682,1639,1598
683,722,760
607,683,644
607,569,533
497,569,532
569,497,533
569,607,644
643,682,720
568,643,605
876,917,957
917,998,957
917,958,998
878,919,959
682,759,720
797,837,876
837,917,876
837,797,758
796,836,875
836,797,876
836,916,875
836,876,916
836,796,757
797,836,757
1749,1790,1707
1749,1708,1791
1790,1749,1831
1749,1791,1831
1666,1749,1707
1708,1749,1666
1963,2003,1923
2004,1963,1924
1883,1963,1923
1963,1883,1924
2003,1963,2043
1963,2004,2043
2407,2441,2474
2441,2408,2475
2441,2475,2507
2474,2441,2507
2441,2407,2374
2408,2441,2374
2526,2556,2494
2462,2526,2494
2525,2555,2493
2556,2525,2494
2461,2525,2493
2525,2461,2494
2555,2525,2585
2525,2556,2585
2292,2362,2327
2463,2429,2396
2429,2362,2396
2361,2428,2394
2428,2461,2394
2461,2428,2494
2428,2462,2494
2253,2290,2325
2289,2253,2325
2290,2253,2216
2253,2289,2215
2179,2253,2215
2216,2253,2179
2578,2606,2632
2606,2658,2632
2606,2633,2658
2606,2578,2549
1781,1698,1740
1739,1698,1781
1698,1657,1740
1656,1698,1739
1657,1698,1614
1698,1656,1614
2293,2328,2256
2328,2292,2256
2328,2293,2363
2328,2362,2292
2328,2363,2396
2362,2328,2396
2029,1949,1990
1949,1910,1990
1910,1949,1869
1828,1910,1869
1870,1910,1828
2029,2068,2107
2107,2068,2146
2068,2108,2146
2068,2029,1990
2067,2106,2028
2067,2029,2107
2106,2067,2145
2067,2107,2145
1868,1826,1786
1826,1868,1908
1868,1948,1908
1825,1867,1907
1867,1826,1908
1867,1947,1907
1867,1908,1947
1867,1825,1785
1826,1867,1785
1237,1153,1195
1194,1153,1237
1153,1112,1195
1153,1194,1111
1112,1153,1070
1153,1111,1070
983,1025,1066
1067,1025,984
943,1025,983
984,1025,943
1108,1149,1066
1108,1067,1150
1025,1108,1066
1108,1025,1067
1108,1191,1149
1191,1108,1150
1067,1109,1150
1109,1068,1151
1192,1109,1151
1150,1109,1192
1068,1109,1026
1109,1067,1026
908,989,948
908,949,989
867,908,948
949,908,868
828,908,867
868,908,828
2323,2357,2287
2357,2322,2287
2322,2357,2390
2357,2323,2391
2424,2357,2391
2390,2357,2424
2556,2586,2613
2614,2586,2557
2586,2526,2557
2526,2586,2556
2613,2640,2665
2640,2614,2666
2640,2666,2689
2640,2689,2665
2586,2640,2613
2640,2586,2614
2769,2753,2783
2752,2769,2782
2769,2793,2782
2769,2783,2793
2690,2666,2641
2667,2690,2641
2597,2624,2567
2624,2596,2567
2596,2624,2650
2624,2597,2651
2676,2624,2651
2650,2624,2676
2642,2588,2616
2642,2615,2588
2642,2616,2668
2615,2642,2667
2691,2642,2668
2667,2642,2691
121,77,99
121,98,77
613,575,539
576,613,539
613,650,575
650,613,689
1178,1095,1137
1178,1136,1095
1220,1178,1137
1136,1178,1219
1178,1220,1262
1219,1178,1262
1176,1218,1260
1260,1218,1302
1218,1261,1302
1135,1218,1176
125,102,81
102,125,150
125,177,150
177,125,151
102,60,81
81,60,43
27,60,42
60,27,43
260,231,291
231,260,202
25,58,40
41,58,25
145,172,199
199,172,228
172,200,228
172,145,120
147,201,173
121,147,173
122,147,99
147,121,99
229,200,173
201,229,173
200,229,258
229,201,259
229,289,258
229,259,289
201,230,259
260,230,202
259,290,321
290,260,322
354,290,322
290,354,321
230,290,259
290,230,260
291,355,322
323,355,291
355,388,322
355,323,389
355,422,388
355,389,422
639,678,716
716,678,755
678,639,602
566,603,529
603,565,529
795,756,835
756,796,835
680,719,757
1423,1464,1380
1339,1423,1380
1423,1339,1381
722,645,684
683,645,722
645,608,684
645,683,607
608,645,570
645,607,570
606,568,532
569,606,532
606,569,644
606,643,568
682,606,644
643,606,682
680,642,719
642,680,604
642,567,605
567,642,604
918,878,959
999,918,959
918,999,958
878,918,838
919,839,879
878,839,919
839,800,879
800,839,760
721,683,760
721,759,682
721,682,644
683,721,644
798,759,838
798,837,758
798,758,720
759,798,720
2527,2495,2463
2495,2526,2462
2495,2429,2463
2429,2495,2462
2495,2527,2557
2526,2495,2557
2395,2429,2462
2428,2395,2462
2429,2395,2362
2395,2428,2361
2327,2395,2361
2362,2395,2327
2633,2579,2607
2606,2579,2633
2607,2579,2550
2579,2606,2549
2579,2519,2550
2519,2579,2549
1948,1989,2028
1989,1949,2029
1989,2067,2028
2067,1989,2029
1991,1950,1911
1910,1950,1990
1950,1870,1911
1950,1910,1870
2030,1991,2069
2030,2068,1990
1950,2030,1990
2030,1950,1991
2108,2030,2069
2068,2030,2108
1827,1787,1869
1827,1868,1786
1745,1827,1786
1787,1827,1745
1949,1909,1869
1868,1909,1948
1909,1827,1869
1827,1909,1868
1909,1989,1948
1989,1909,1949
2769,2733,2753
2733,2769,2752
651,576,614
651,613,576
651,614,690
613,651,689
728,651,690
651,728,689
1261,1177,1219
1218,1177,1261
1177,1136,1219
1177,1218,1135
1177,1135,1094
1136,1177,1094
103,126,151
125,103,151
126,103,82
103,125,81
82,103,61
103,81,61
292,261,232
231,261,291
323,261,292
261,323,291
261,203,232
261,231,203
57,78,99
78,122,99
78,57,40
58,78,40
176,124,150
124,102,150
175,231,202
231,175,203
100,78,58
78,100,122
200,146,173
172,146,200
146,121,173
146,172,120
98,146,120
121,146,98
147,174,201
230,174,202
174,230,201
174,147,122
604,641,566
641,603,566
603,641,679
680,641,604
640,678,602
640,603,679
565,640,602
603,640,565
678,717,755
756,717,679
717,640,679
640,717,678
717,795,755
717,756,795
718,756,679
718,680,757
796,718,757
756,718,796
641,718,679
718,641,680
1423,1507,1464
1464,1507,1548
1591,1507,1549
1548,1507,1591
1465,1381,1424
1465,1423,1381
1465,1424,1508
1465,1507,1423
1465,1508,1549
1507,1465,1549
681,643,720
642,681,719
758,681,720
719,681,758
643,681,605
681,642,605
837,877,917
918,877,838
877,798,838
798,877,837
917,877,958
877,918,958
799,878,838
799,839,878
759,799,838
839,799,760
799,721,760
721,799,759
2713,2734,2753
2733,2713,2753
2734,2713,2691
2713,2733,2690
2713,2667,2691
2713,2690,2667
2712,2752,2732
2712,2733,2752
2733,2712,2690
2712,2732,2689
2666,2712,2689
2690,2712,2666
149,124,176
149,175,123
101,149,123
149,101,124
203,149,176
175,149,203
175,148,123
148,174,122
100,148,122
148,100,123
148,175,202
174,148,202
100,79,123
79,101,123
101,79,59
79,100,58
79,41,59
79,58,41
80,60,102
80,101,59
80,59,42
60,80,42
124,80,102
101,80,124
695,932,1055
581,695,1055
932,695,812
2481,2544,2574
2481,2574,2448
2544,2481,2513
47,30,16
47,16,66
2512,2655,2629
2655,2512,2414
2512,2447,2414
2602,2512,2629
2512,2573,2543
2447,2512,2480
2512,2602,2573
2763,2778,2745
2745,2778,2790
160,187,134
274,187,244
187,305,337
187,370,134
187,215,244
370,187,337
187,274,305
