-32,86,38
-39,94,34
-41,98,33
-43,102,30
-43,106,29
-44,112,26
-28,77,39
-31,78,38
-34,82,37
-38,84,36
-40,87,34
-42,91,33
-44,95,31
-45,99,28
-46,103,26
-46,107,25
-46,112,23
-45,115,20
-23,68,42
-26,71,40
-30,73,39
-33,75,37
-36,78,36
-40,81,35
-43,84,34
-45,88,31
-46,92,29
-47,95,26
-48,99,24
-49,104,22
-49,108,20
-49,111,17
-48,114,15
-27,65,41
-29,67,40
-32,70,38
-35,72,36
-38,75,34
-41,77,33
-45,81,32
-47,84,30
-49,88,27
-49,92,24
-50,96,21
-51,100,19
-52,104,16
-52,108,14
-51,111,11
-50,115,8
-21,59,43
-26,59,42
-29,61,41
-32,64,40
-35,66,37
-37,69,34
-39,71,31
-42,74,30
-46,77,29
-48,81,27
-50,84,24
-51,88,21
-52,92,18
-53,96,16
-53,100,13
-53,104,10
-53,108,7
-52,111,4
-51,115,0
-18,56,44
-22,54,42
-27,55,42
-31,57,41
-34,60,39
-37,62,37
-39,65,34
-41,68,30
-43,71,27
-46,74,25
-49,77,23
-50,81,20
-52,85,18
-54,89,15
-54,92,13
-55,96,10
-55,100,7
-54,104,3
-54,108,0
-52,112,-3
-50,115,-7
-48,116,-10
-20,47,41
-24,49,41
-28,51,40
-33,53,39
-36,55,38
-40,58,36
-42,61,33
-44,64,29
-45,67,26
-47,70,22
-48,73,19
-49,78,16
-50,82,14
-54,85,12
-55,89,9
-56,93,6
-55,96,3
-55,100,0
-54,104,-2
-53,108,-6
-51,112,-10
-47,116,-14
-17,41,40
-22,42,40
-26,44,39
-30,46,39
-34,48,38
-38,51,36
-42,54,34
-44,57,31
-46,60,27
-47,63,23
-47,66,20
-47,69,16
-46,74,12
-49,79,9
-53,82,8
-55,85,6
-56,89,3
-56,92,0
-55,96,-2
-54,100,-6
-53,104,-9
-51,107,-13
-49,111,-16
-46,69,12
-47,75,8
-47,110,-19
-19,35,39
-23,37,39
-27,39,38
-31,41,37
-35,43,36
-39,46,34
-43,49,32
-46,52,29
-48,55,25
-49,59,21
-49,62,17
-48,65,13
-48,69,8
-50,75,6
-53,78,4
-55,82,3
-56,85,0
-56,89,-2
-55,92,-5
-54,96,-9
-53,99,-12
-51,103,-15
-49,106,-18
-51,70,6
-19,31,38
-24,32,37
-28,34,36
-32,36,35
-36,39,34
-41,41,32
-44,44,29
-48,47,26
-50,51,23
-51,54,19
-52,58,15
-52,62,11
-53,66,7
-55,71,5
-56,75,3
-56,79,0
-55,82,-2
-55,85,-5
-55,88,-8
-54,91,-12
-53,95,-15
-51,98,-18
-48,102,-20
-45,105,-23
-57,67,5
-19,26,36
-24,27,36
-28,29,34
-33,31,33
-37,34,31
-41,36,29
-45,39,27
-49,42,24
-51,46,20
-53,49,16
-54,53,12
-56,57,8
-58,62,6
-60,68,3
-59,73,0
-57,75,-2
-54,78,-4
-52,81,-7
-53,84,-11
-53,87,-14
-52,90,-18
-50,94,-20
-47,97,-23
-45,100,-25
-56,53,8
-59,57,6
-62,63,4
-62,69,0
-19,22,34
-24,23,33
-29,24,33
-33,26,31
-38,28,29
-42,31,27
-46,34,24
-49,37,20
-52,41,17
-53,44,13
-54,48,8
-60,52,7
-64,58,4
-65,64,0
-61,68,-3
-56,71,-4
-51,73,-5
-48,78,-8
-49,81,-12
-50,83,-17
-51,86,-20
-49,90,-23
-46,93,-25
-43,95,-28
-54,44,9
-58,47,7
-65,51,6
-68,55,4
-68,58,0
-63,63,-3
-58,66,-5
-53,69,-6
-47,73,-7
-47,77,-11
-18,17,31
-23,18,31
-28,19,30
-33,21,28
-38,23,26
-42,26,24
-46,29,20
-49,32,17
-52,36,14
-55,39,10
-57,43,6
-61,47,3
-70,49,1
-65,58,-4
-59,62,-5
-55,65,-7
-49,68,-8
-45,72,-11
-48,76,-15
-49,79,-19
-49,82,-23
-48,85,-26
-46,88,-28
-42,91,-30
-50,32,13
-55,35,11
-58,39,7
-63,46,0
-66,50,-5
-60,57,-6
-56,61,-7
-47,67,-11
-17,14,27
-22,14,27
-28,15,27
-33,16,26
-38,18,24
-42,21,21
-46,24,17
-49,27,14
-53,31,10
-57,34,7
-60,38,4
-61,42,0
-61,47,-3
-61,51,-7
-57,56,-8
-53,60,-10
-50,64,-12
-47,67,-15
-47,71,-18
-48,75,-22
-47,78,-25
-46,81,-28
-44,84,-31
-42,87,-32
-45,19,18
-48,23,14
-52,26,11
-56,30,7
-59,34,4
-61,38,0
-58,47,-6
-56,51,-8
-15,11,23
-21,11,23
-27,11,23
-32,12,22
-37,13,20
-43,15,18
-47,18,15
-51,22,11
-54,25,7
-58,29,4
-60,33,0
-61,38,-4
-58,43,-6
-55,47,-8
-54,52,-11
-53,56,-14
-50,60,-17
-47,63,-19
-46,67,-21
-45,71,-24
-44,74,-27
-43,77,-30
-41,81,-33
-39,84,-34
-12,7,23
-40,12,18
-45,14,15
-50,17,12
-53,21,7
-56,25,3
-58,29,0
-59,34,-4
-58,38,-7
-14,7,20
-20,9,19
-25,9,18
-31,9,18
-36,9,16
-42,10,15
-48,12,12
-53,16,8
-55,20,3
-56,25,0
-58,29,-4
-57,34,-7
-55,39,-10
-53,43,-12
-53,48,-15
-52,52,-18
-50,56,-21
-47,60,-23
-45,64,-25
-43,67,-27
-40,71,-28
-39,74,-32
-37,78,-34
-33,83,-36
-38,8,13
-44,8,11
-51,10,9
-55,15,4
-55,20,0
-55,25,-4
-56,30,-8
-15,3,17
-19,7,15
-24,7,14
-29,7,13
-34,6,12
-40,6,10
-46,7,7
-53,9,4
-56,15,-1
-54,21,-4
-54,26,-8
-53,31,-10
-52,35,-13
-52,39,-16
-51,44,-19
-50,48,-22
-49,52,-24
-47,56,-26
-44,60,-28
-42,64,-30
-39,67,-31
-36,71,-33
-34,75,-36
-41,5,6
-48,6,3
-53,9,-1
-54,16,-6
-52,22,-8
-50,32,-12
-30,76,-37
-19,5,11
-23,6,10
-27,5,9
-32,5,7
-37,5,5
-42,5,2
-48,6,-1
-52,10,-6
-52,17,-9
-50,23,-11
-49,28,-14
-48,32,-16
-49,36,-20
-48,40,-23
-48,44,-25
-46,48,-28
-45,52,-30
-43,56,-32
-40,60,-33
-37,64,-34
-34,68,-35
-31,72,-37
-18,2,11
-43,5,-2
-48,7,-6
-50,12,-10
-49,19,-12
-19,2,8
-21,5,6
-25,5,4
-29,5,3
-33,5,0
-38,5,-2
-43,6,-6
-47,9,-11
-48,15,-13
-47,20,-15
-46,25,-17
-45,29,-20
-45,33,-23
-45,37,-26
-44,41,-28
-43,44,-30
-42,48,-32
-40,52,-34
-38,56,-35
-36,60,-36
-33,64,-37
-20,2,2
-22,5,1
-25,5,0
-30,5,-2
-34,5,-5
-38,6,-9
-41,9,-13
-43,13,-16
-43,18,-18
-42,23,-20
-42,27,-23
-42,30,-25
-41,34,-28
-40,38,-30
-39,41,-32
-38,45,-34
-36,48,-35
-35,52,-37
-34,56,-38
-31,60,-39
-20,3,-2
-22,5,-3
-26,6,-5
-30,6,-8
-34,7,-11
-37,9,-15
-39,13,-19
-39,17,-21
-39,21,-23
-38,25,-26
-38,28,-28
-37,32,-30
-36,35,-31
-34,38,-33
-33,42,-35
-32,45,-36
-31,49,-37
-30,52,-38
-18,4,-6
-22,6,-7
-26,7,-10
-30,8,-13
-33,10,-17
-35,13,-21
-35,16,-23
-35,20,-26
-34,23,-28
-33,27,-30
-32,30,-31
-31,33,-32
-30,35,-34
-28,38,-35
-27,42,-36
-26,45,-37
-18,6,-10
-23,8,-12
-27,9,-15
-30,10,-19
-32,13,-22
-32,16,-25
-31,19,-28
-30,22,-30
-29,25,-31
-28,28,-32
-26,30,-34
-25,33,-35
-24,35,-35
-28,11,-20
-28,17,-27
-27,19,-29
-26,22,-31
-24,24,-32
-23,26,-33
-21,28,-34
-16,26,-33
